"Identical","LAB_SEED","Orientation1","Orientation2","PPList","Picture1","Picture2","acc","accuracy","average_response_time","avg_rt","background","bidi","canvas_backend","clock_backend","color_backend","compensation","coordinates","correct","correct_Pictures_response","correct_Start_HUN","correct_Target_response_Prac","correct_Welcome_PP_HUN","correct_count","correct_response","count_Check_This","count_Disable_Mouse","count_EXP","count_LAB_SEED","count_Language_Selection","count_List_Select","count_List_Selection","count_Pictures_Break","count_Pictures_End","count_Pictures_Exp","count_Pictures_Fixation","count_Pictures_Fixation_Prac","count_Pictures_Prac","count_Pictures_Start","count_Pictures_Target","count_Pictures_Trial","count_Pictures_Welcome","count_Pictures_loop","count_Pictures_response","count_Pictures_response_correct","count_Pictures_response_noans","count_Pictures_response_wrong","count_Prac","count_Prac_Count","count_Prac_Reset","count_Prac_Trial","count_Prac_loop","count_Prac_seq","count_Prac_setup","count_Start_DE","count_Start_E","count_Start_HUN","count_Start_NOR","count_Start_PL","count_Start_SC","count_Start_TC","count_Start_THAI","count_Target_Prac","count_Target_response_Prac","count_Target_response_correct_Prac","count_Target_response_noans_Prac","count_Target_response_wrong_Prac","count_Trial_logger","count_Welcome_PP_DE","count_Welcome_PP_E","count_Welcome_PP_HUN","count_Welcome_PP_NOR","count_Welcome_PP_PL","count_Welcome_PP_SC","count_Welcome_PP_TC","count_Welcome_PP_THAI","datetime","de","description","disable_garbage_collection","empty_column","en","experiment_file","experiment_path","font_bold","font_family","font_italic","font_size","font_underline","foreground","form_clicks","form_response","fullscreen","height","hun","keyboard_backend","live_row","live_row_Pictures_loop","live_row_Prac","live_row_Prac_loop","logfile","mouse_backend","nor","opensesame_codename","opensesame_version","osf_always_upload_experiment","osf_id","pol","repeat_cycle","reset_loop","response","response_Pictures_Break","response_Pictures_End","response_Pictures_response","response_Start_DE","response_Start_E","response_Start_HUN","response_Start_NOR","response_Start_PL","response_Start_SC","response_Start_TC","response_Start_THAI","response_Target_response_Prac","response_Welcome_PP_DE","response_Welcome_PP_E","response_Welcome_PP_HUN","response_Welcome_PP_NOR","response_Welcome_PP_PL","response_Welcome_PP_SC","response_Welcome_PP_TC","response_Welcome_PP_THAI","response_time","response_time_Pictures_Break","response_time_Pictures_End","response_time_Pictures_response","response_time_Start_DE","response_time_Start_E","response_time_Start_HUN","response_time_Start_NOR","response_time_Start_PL","response_time_Start_SC","response_time_Start_TC","response_time_Start_THAI","response_time_Target_response_Prac","response_time_Welcome_PP_DE","response_time_Welcome_PP_E","response_time_Welcome_PP_HUN","response_time_Welcome_PP_NOR","response_time_Welcome_PP_PL","response_time_Welcome_PP_SC","response_time_Welcome_PP_TC","response_time_Welcome_PP_THAI","round_decimals","sampler_backend","sc","sound_buf_size","sound_channels","sound_freq","sound_sample_size","start","subject_nr","subject_parity","tc","thai","time_Check_This","time_Disable_Mouse","time_EXP","time_LAB_SEED","time_Language_Selection","time_List_Select","time_List_Selection","time_Pictures_Break","time_Pictures_End","time_Pictures_Exp","time_Pictures_Fixation","time_Pictures_Fixation_Prac","time_Pictures_Prac","time_Pictures_Start","time_Pictures_Target","time_Pictures_Trial","time_Pictures_Welcome","time_Pictures_loop","time_Pictures_response","time_Pictures_response_correct","time_Pictures_response_noans","time_Pictures_response_wrong","time_Prac","time_Prac_Count","time_Prac_Reset","time_Prac_Trial","time_Prac_loop","time_Prac_seq","time_Prac_setup","time_Start_DE","time_Start_E","time_Start_HUN","time_Start_NOR","time_Start_PL","time_Start_SC","time_Start_TC","time_Start_THAI","time_Target_Prac","time_Target_response_Prac","time_Target_response_correct_Prac","time_Target_response_noans_Prac","time_Target_response_wrong_Prac","time_Trial_logger","time_Welcome_PP_DE","time_Welcome_PP_E","time_Welcome_PP_HUN","time_Welcome_PP_NOR","time_Welcome_PP_PL","time_Welcome_PP_SC","time_Welcome_PP_TC","time_Welcome_PP_THAI","title","total_correct","total_response_time","total_responses","uniform_coordinates","width"
"F","6447","F","F","PP_LIST1.csv","pumpkin.jpg","trmpet.jpg","85.7142857143","85.7142857143","981.285714286","981.285714286","#ffffff","yes","legacy","legacy","legacy","0","uniform","1","1","undefined","1","undefined","6","f","0","0","0","0","0","0","0","NA","0","0","0","12","0","0","0","0","0","0","0","0","0","0","0","12","2","12","2","2","0","0","0","0","0","0","0","0","0","12","12","12","12","12","0","0","0","0","0","0","0","0","0","10/02/19 15:00:55","no","Matching Tasks","yes","","no","OrientationCrossLanguages_2018PSA_PP_1.2.4.osexp","C:\Users\User\Desktop\PSA","no","chinese-japanese-korean","no","18","no","#0000ff","no","Magyar","yes","768","yes","legacy","0","0","3","5","PP-12.csv","legacy","no","Kafkaesque Koffka","3.2.4","yes","5a7ce671e83246000deafe81","no","0","0","f","NA","NA","f","NA","NA","space","NA","NA","NA","NA","NA","f","NA","NA","space","NA","NA","NA","NA","NA","686","NA","NA","686","NA","NA","2668","NA","NA","NA","NA","NA","781","NA","NA","11449","NA","NA","NA","NA","NA","2","legacy","no","1024","2","48000","-16","EXP","12","even","no","no","NA","52397","1438","1439","50058","52383","52383","NA","NA","95343","95444","90829","63862","92659","95946","95442","52398","95343","95947","96635","NA","NA","63862","92615","81900","90827","81900","81900","63862","NA","NA","92662","NA","NA","NA","NA","NA","91331","91332","92115","75875","81364","97135","NA","NA","52400","NA","NA","NA","NA","NA","Orientation_PSA2018","12","13738","14","yes","1024"
"N","6447","H","V","PP_LIST1.csv","guitarH.jpg","guitarV.jpg","86.6666666667","86.6666666667","963.2","963.2","#ffffff","yes","legacy","legacy","legacy","0","uniform","1","1","undefined","1","undefined","6","j","0","0","0","0","0","0","0","NA","1","0","1","12","0","0","1","1","0","0","1","1","1","1","0","12","2","12","2","2","0","0","0","0","0","0","0","0","0","12","12","12","12","12","1","0","0","0","0","0","0","0","0","10/02/19 15:00:55","no","Matching Tasks","yes","","no","OrientationCrossLanguages_2018PSA_PP_1.2.4.osexp","C:\Users\User\Desktop\PSA","no","chinese-japanese-korean","no","18","no","#0000ff","no","Magyar","yes","768","yes","legacy","1","1","3","5","PP-12.csv","legacy","no","Kafkaesque Koffka","3.2.4","yes","5a7ce671e83246000deafe81","no","0","0","j","NA","NA","j","NA","NA","space","NA","NA","NA","NA","NA","f","NA","NA","space","NA","NA","NA","NA","NA","710","NA","NA","710","NA","NA","2668","NA","NA","NA","NA","NA","781","NA","NA","11449","NA","NA","NA","NA","NA","2","legacy","no","1024","2","48000","-16","EXP","12","even","no","no","NA","52397","1438","1439","50058","52383","52383","NA","NA","95343","97324","90829","63862","92659","97826","97322","52398","95343","97827","98540","NA","NA","63862","92615","81900","90827","81900","81900","63862","NA","NA","92662","NA","NA","NA","NA","NA","91331","91332","92115","75875","81364","99040","NA","NA","52400","NA","NA","NA","NA","NA","Orientation_PSA2018","13","14448","15","yes","1024"
"N","6447","H","V","PP_LIST1.csv","glassH.jpg","glassV.jpg","87.5","87.5","941.375","941.375","#ffffff","yes","legacy","legacy","legacy","0","uniform","1","1","undefined","1","undefined","6","j","0","0","0","0","0","0","0","NA","2","0","2","12","0","0","2","2","0","0","2","2","2","2","0","12","2","12","2","2","0","0","0","0","0","0","0","0","0","12","12","12","12","12","2","0","0","0","0","0","0","0","0","10/02/19 15:00:55","no","Matching Tasks","yes","","no","OrientationCrossLanguages_2018PSA_PP_1.2.4.osexp","C:\Users\User\Desktop\PSA","no","chinese-japanese-korean","no","18","no","#0000ff","no","Magyar","yes","768","yes","legacy","2","2","3","5","PP-12.csv","legacy","no","Kafkaesque Koffka","3.2.4","yes","5a7ce671e83246000deafe81","no","0","0","j","NA","NA","j","NA","NA","space","NA","NA","NA","NA","NA","f","NA","NA","space","NA","NA","NA","NA","NA","614","NA","NA","614","NA","NA","2668","NA","NA","NA","NA","NA","781","NA","NA","11449","NA","NA","NA","NA","NA","2","legacy","no","1024","2","48000","-16","EXP","12","even","no","no","NA","52397","1438","1439","50058","52383","52383","NA","NA","95343","99197","90829","63862","92659","99699","99195","52398","95343","99700","100316","NA","NA","63862","92615","81900","90827","81900","81900","63862","NA","NA","92662","NA","NA","NA","NA","NA","91331","91332","92115","75875","81364","100816","NA","NA","52400","NA","NA","NA","NA","NA","Orientation_PSA2018","14","15062","16","yes","1024"
"F","6447","F","F","PP_LIST1.csv","tlphon.jpg","knife.jpg","88.2352941176","88.2352941176","930.941176471","930.941176471","#ffffff","yes","legacy","legacy","legacy","0","uniform","1","1","undefined","1","undefined","6","f","0","0","0","0","0","0","0","NA","3","0","3","12","0","0","3","3","0","0","3","3","3","3","0","12","2","12","2","2","0","0","0","0","0","0","0","0","0","12","12","12","12","12","3","0","0","0","0","0","0","0","0","10/02/19 15:00:55","no","Matching Tasks","yes","","no","OrientationCrossLanguages_2018PSA_PP_1.2.4.osexp","C:\Users\User\Desktop\PSA","no","chinese-japanese-korean","no","18","no","#0000ff","no","Magyar","yes","768","yes","legacy","3","3","3","5","PP-12.csv","legacy","no","Kafkaesque Koffka","3.2.4","yes","5a7ce671e83246000deafe81","no","0","0","f","NA","NA","f","NA","NA","space","NA","NA","NA","NA","NA","f","NA","NA","space","NA","NA","NA","NA","NA","764","NA","NA","764","NA","NA","2668","NA","NA","NA","NA","NA","781","NA","NA","11449","NA","NA","NA","NA","NA","2","legacy","no","1024","2","48000","-16","EXP","12","even","no","no","NA","52397","1438","1439","50058","52383","52383","NA","NA","95343","100982","90829","63862","92659","101485","100980","52398","95343","101486","102252","NA","NA","63862","92615","81900","90827","81900","81900","63862","NA","NA","92662","NA","NA","NA","NA","NA","91331","91332","92115","75875","81364","102752","NA","NA","52400","NA","NA","NA","NA","NA","Orientation_PSA2018","15","15826","17","yes","1024"
"N","6447","H","V","PP_LIST1.csv","pencilH.jpg","pencilV.jpg","88.8888888889","88.8888888889","910.611111111","910.611111111","#ffffff","yes","legacy","legacy","legacy","0","uniform","1","1","undefined","1","undefined","6","j","0","0","0","0","0","0","0","NA","4","0","4","12","0","0","4","4","0","0","4","4","4","4","0","12","2","12","2","2","0","0","0","0","0","0","0","0","0","12","12","12","12","12","4","0","0","0","0","0","0","0","0","10/02/19 15:00:55","no","Matching Tasks","yes","","no","OrientationCrossLanguages_2018PSA_PP_1.2.4.osexp","C:\Users\User\Desktop\PSA","no","chinese-japanese-korean","no","18","no","#0000ff","no","Magyar","yes","768","yes","legacy","4","4","3","5","PP-12.csv","legacy","no","Kafkaesque Koffka","3.2.4","yes","5a7ce671e83246000deafe81","no","0","0","j","NA","NA","j","NA","NA","space","NA","NA","NA","NA","NA","f","NA","NA","space","NA","NA","NA","NA","NA","565","NA","NA","565","NA","NA","2668","NA","NA","NA","NA","NA","781","NA","NA","11449","NA","NA","NA","NA","NA","2","legacy","no","1024","2","48000","-16","EXP","12","even","no","no","NA","52397","1438","1439","50058","52383","52383","NA","NA","95343","102902","90829","63862","92659","103404","102900","52398","95343","103405","103972","NA","NA","63862","92615","81900","90827","81900","81900","63862","NA","NA","92662","NA","NA","NA","NA","NA","91331","91332","92115","75875","81364","104472","NA","NA","52400","NA","NA","NA","NA","NA","Orientation_PSA2018","16","16391","18","yes","1024"
"F","6447","F","F","PP_LIST1.csv","skirt.jpg","tlphon.jpg","89.4736842105","89.4736842105","899.105263158","899.105263158","#ffffff","yes","legacy","legacy","legacy","0","uniform","1","1","undefined","1","undefined","6","f","0","0","0","0","0","0","0","NA","5","0","5","12","0","0","5","5","0","0","5","5","5","5","0","12","2","12","2","2","0","0","0","0","0","0","0","0","0","12","12","12","12","12","5","0","0","0","0","0","0","0","0","10/02/19 15:00:55","no","Matching Tasks","yes","","no","OrientationCrossLanguages_2018PSA_PP_1.2.4.osexp","C:\Users\User\Desktop\PSA","no","chinese-japanese-korean","no","18","no","#0000ff","no","Magyar","yes","768","yes","legacy","5","5","3","5","PP-12.csv","legacy","no","Kafkaesque Koffka","3.2.4","yes","5a7ce671e83246000deafe81","no","0","0","f","NA","NA","f","NA","NA","space","NA","NA","NA","NA","NA","f","NA","NA","space","NA","NA","NA","NA","NA","692","NA","NA","692","NA","NA","2668","NA","NA","NA","NA","NA","781","NA","NA","11449","NA","NA","NA","NA","NA","2","legacy","no","1024","2","48000","-16","EXP","12","even","no","no","NA","52397","1438","1439","50058","52383","52383","NA","NA","95343","104614","90829","63862","92659","105116","104612","52398","95343","105117","105812","NA","NA","63862","92615","81900","90827","81900","81900","63862","NA","NA","92662","NA","NA","NA","NA","NA","91331","91332","92115","75875","81364","106312","NA","NA","52400","NA","NA","NA","NA","NA","Orientation_PSA2018","17","17083","19","yes","1024"
"F","6447","F","F","PP_LIST1.csv","ftball.jpg","nut.jpg","90","90","886.5","886.5","#ffffff","yes","legacy","legacy","legacy","0","uniform","1","1","undefined","1","undefined","6","f","0","0","0","0","0","0","0","NA","6","0","6","12","0","0","6","6","0","0","6","6","6","6","0","12","2","12","2","2","0","0","0","0","0","0","0","0","0","12","12","12","12","12","6","0","0","0","0","0","0","0","0","10/02/19 15:00:55","no","Matching Tasks","yes","","no","OrientationCrossLanguages_2018PSA_PP_1.2.4.osexp","C:\Users\User\Desktop\PSA","no","chinese-japanese-korean","no","18","no","#0000ff","no","Magyar","yes","768","yes","legacy","6","6","3","5","PP-12.csv","legacy","no","Kafkaesque Koffka","3.2.4","yes","5a7ce671e83246000deafe81","no","0","0","f","NA","NA","f","NA","NA","space","NA","NA","NA","NA","NA","f","NA","NA","space","NA","NA","NA","NA","NA","647","NA","NA","647","NA","NA","2668","NA","NA","NA","NA","NA","781","NA","NA","11449","NA","NA","NA","NA","NA","2","legacy","no","1024","2","48000","-16","EXP","12","even","no","no","NA","52397","1438","1439","50058","52383","52383","NA","NA","95343","106451","90829","63862","92659","106953","106449","52398","95343","106954","107604","NA","NA","63862","92615","81900","90827","81900","81900","63862","NA","NA","92662","NA","NA","NA","NA","NA","91331","91332","92115","75875","81364","108104","NA","NA","52400","NA","NA","NA","NA","NA","Orientation_PSA2018","18","17730","20","yes","1024"
"F","6447","F","F","PP_LIST1.csv","tiger.jpg","wndmil.jpg","90.4761904762","90.4761904762","873.904761905","873.904761905","#ffffff","yes","legacy","legacy","legacy","0","uniform","1","1","undefined","1","undefined","6","f","0","0","0","0","0","0","0","NA","7","0","7","12","0","0","7","7","0","0","7","7","7","7","0","12","2","12","2","2","0","0","0","0","0","0","0","0","0","12","12","12","12","12","7","0","0","0","0","0","0","0","0","10/02/19 15:00:55","no","Matching Tasks","yes","","no","OrientationCrossLanguages_2018PSA_PP_1.2.4.osexp","C:\Users\User\Desktop\PSA","no","chinese-japanese-korean","no","18","no","#0000ff","no","Magyar","yes","768","yes","legacy","7","7","3","5","PP-12.csv","legacy","no","Kafkaesque Koffka","3.2.4","yes","5a7ce671e83246000deafe81","no","0","0","f","NA","NA","f","NA","NA","space","NA","NA","NA","NA","NA","f","NA","NA","space","NA","NA","NA","NA","NA","622","NA","NA","622","NA","NA","2668","NA","NA","NA","NA","NA","781","NA","NA","11449","NA","NA","NA","NA","NA","2","legacy","no","1024","2","48000","-16","EXP","12","even","no","no","NA","52397","1438","1439","50058","52383","52383","NA","NA","95343","108284","90829","63862","92659","108787","108282","52398","95343","108787","109411","NA","NA","63862","92615","81900","90827","81900","81900","63862","NA","NA","92662","NA","NA","NA","NA","NA","91331","91332","92115","75875","81364","109912","NA","NA","52400","NA","NA","NA","NA","NA","Orientation_PSA2018","19","18352","21","yes","1024"
"F","6447","F","F","PP_LIST1.csv","ring.jpg","stove.jpg","90.9090909091","90.9090909091","860.636363636","860.636363636","#ffffff","yes","legacy","legacy","legacy","0","uniform","1","1","undefined","1","undefined","6","f","0","0","0","0","0","0","0","NA","8","0","8","12","0","0","8","8","0","0","8","8","8","8","0","12","2","12","2","2","0","0","0","0","0","0","0","0","0","12","12","12","12","12","8","0","0","0","0","0","0","0","0","10/02/19 15:00:55","no","Matching Tasks","yes","","no","OrientationCrossLanguages_2018PSA_PP_1.2.4.osexp","C:\Users\User\Desktop\PSA","no","chinese-japanese-korean","no","18","no","#0000ff","no","Magyar","yes","768","yes","legacy","8","8","3","5","PP-12.csv","legacy","no","Kafkaesque Koffka","3.2.4","yes","5a7ce671e83246000deafe81","no","0","0","f","NA","NA","f","NA","NA","space","NA","NA","NA","NA","NA","f","NA","NA","space","NA","NA","NA","NA","NA","582","NA","NA","582","NA","NA","2668","NA","NA","NA","NA","NA","781","NA","NA","11449","NA","NA","NA","NA","NA","2","legacy","no","1024","2","48000","-16","EXP","12","even","no","no","NA","52397","1438","1439","50058","52383","52383","NA","NA","95343","110068","90829","63862","92659","110570","110066","52398","95343","110571","111155","NA","NA","63862","92615","81900","90827","81900","81900","63862","NA","NA","92662","NA","NA","NA","NA","NA","91331","91332","92115","75875","81364","111655","NA","NA","52400","NA","NA","NA","NA","NA","Orientation_PSA2018","20","18934","22","yes","1024"
"Y","6447","H","H","PP_LIST1.csv","bowlH.jpg","bowlH.jpg","91.3043478261","91.3043478261","846.217391304","846.217391304","#ffffff","yes","legacy","legacy","legacy","0","uniform","1","1","undefined","1","undefined","6","j","0","0","0","0","0","0","0","NA","9","0","9","12","0","0","9","9","0","0","9","9","9","9","0","12","2","12","2","2","0","0","0","0","0","0","0","0","0","12","12","12","12","12","9","0","0","0","0","0","0","0","0","10/02/19 15:00:55","no","Matching Tasks","yes","","no","OrientationCrossLanguages_2018PSA_PP_1.2.4.osexp","C:\Users\User\Desktop\PSA","no","chinese-japanese-korean","no","18","no","#0000ff","no","Magyar","yes","768","yes","legacy","9","9","3","5","PP-12.csv","legacy","no","Kafkaesque Koffka","3.2.4","yes","5a7ce671e83246000deafe81","no","0","0","j","NA","NA","j","NA","NA","space","NA","NA","NA","NA","NA","f","NA","NA","space","NA","NA","NA","NA","NA","529","NA","NA","529","NA","NA","2668","NA","NA","NA","NA","NA","781","NA","NA","11449","NA","NA","NA","NA","NA","2","legacy","no","1024","2","48000","-16","EXP","12","even","no","no","NA","52397","1438","1439","50058","52383","52383","NA","NA","95343","111881","90829","63862","92659","112383","111879","52398","95343","112384","112915","NA","NA","63862","92615","81900","90827","81900","81900","63862","NA","NA","92662","NA","NA","NA","NA","NA","91331","91332","92115","75875","81364","113415","NA","NA","52400","NA","NA","NA","NA","NA","Orientation_PSA2018","21","19463","23","yes","1024"
"N","6447","V","H","PP_LIST1.csv","penV.jpg","penH.jpg","91.6666666667","91.6666666667","837.75","837.75","#ffffff","yes","legacy","legacy","legacy","0","uniform","1","1","undefined","1","undefined","6","j","0","0","0","0","0","0","0","NA","10","0","10","12","0","0","10","10","0","0","10","10","10","10","0","12","2","12","2","2","0","0","0","0","0","0","0","0","0","12","12","12","12","12","10","0","0","0","0","0","0","0","0","10/02/19 15:00:55","no","Matching Tasks","yes","","no","OrientationCrossLanguages_2018PSA_PP_1.2.4.osexp","C:\Users\User\Desktop\PSA","no","chinese-japanese-korean","no","18","no","#0000ff","no","Magyar","yes","768","yes","legacy","10","10","3","5","PP-12.csv","legacy","no","Kafkaesque Koffka","3.2.4","yes","5a7ce671e83246000deafe81","no","0","0","j","NA","NA","j","NA","NA","space","NA","NA","NA","NA","NA","f","NA","NA","space","NA","NA","NA","NA","NA","643","NA","NA","643","NA","NA","2668","NA","NA","NA","NA","NA","781","NA","NA","11449","NA","NA","NA","NA","NA","2","legacy","no","1024","2","48000","-16","EXP","12","even","no","no","NA","52397","1438","1439","50058","52383","52383","NA","NA","95343","113647","90829","63862","92659","114149","113645","52398","95343","114150","114796","NA","NA","63862","92615","81900","90827","81900","81900","63862","NA","NA","92662","NA","NA","NA","NA","NA","91331","91332","92115","75875","81364","115296","NA","NA","52400","NA","NA","NA","NA","NA","Orientation_PSA2018","22","20106","24","yes","1024"
"Y","6447","H","H","PP_LIST1.csv","axeH.jpg","axeH.jpg","92","92","835.96","835.96","#ffffff","yes","legacy","legacy","legacy","0","uniform","1","1","undefined","1","undefined","6","j","0","0","0","0","0","0","0","NA","11","0","11","12","0","0","11","11","0","0","11","11","11","11","0","12","2","12","2","2","0","0","0","0","0","0","0","0","0","12","12","12","12","12","11","0","0","0","0","0","0","0","0","10/02/19 15:00:55","no","Matching Tasks","yes","","no","OrientationCrossLanguages_2018PSA_PP_1.2.4.osexp","C:\Users\User\Desktop\PSA","no","chinese-japanese-korean","no","18","no","#0000ff","no","Magyar","yes","768","yes","legacy","11","11","3","5","PP-12.csv","legacy","no","Kafkaesque Koffka","3.2.4","yes","5a7ce671e83246000deafe81","no","0","0","j","NA","NA","j","NA","NA","space","NA","NA","NA","NA","NA","f","NA","NA","space","NA","NA","NA","NA","NA","793","NA","NA","793","NA","NA","2668","NA","NA","NA","NA","NA","781","NA","NA","11449","NA","NA","NA","NA","NA","2","legacy","no","1024","2","48000","-16","EXP","12","even","no","no","NA","52397","1438","1439","50058","52383","52383","NA","NA","95343","115521","90829","63862","92659","116023","115519","52398","95343","116024","116819","NA","NA","63862","92615","81900","90827","81900","81900","63862","NA","NA","92662","NA","NA","NA","NA","NA","91331","91332","92115","75875","81364","117319","NA","NA","52400","NA","NA","NA","NA","NA","Orientation_PSA2018","23","20899","25","yes","1024"
"Y","6447","V","V","PP_LIST1.csv","brushV.jpg","brushV.jpg","92.3076923077","92.3076923077","824.923076923","824.923076923","#ffffff","yes","legacy","legacy","legacy","0","uniform","1","1","undefined","1","undefined","6","j","0","0","0","0","0","0","0","NA","12","0","12","12","0","0","12","12","0","0","12","12","12","12","0","12","2","12","2","2","0","0","0","0","0","0","0","0","0","12","12","12","12","12","12","0","0","0","0","0","0","0","0","10/02/19 15:00:55","no","Matching Tasks","yes","","no","OrientationCrossLanguages_2018PSA_PP_1.2.4.osexp","C:\Users\User\Desktop\PSA","no","chinese-japanese-korean","no","18","no","#0000ff","no","Magyar","yes","768","yes","legacy","12","12","3","5","PP-12.csv","legacy","no","Kafkaesque Koffka","3.2.4","yes","5a7ce671e83246000deafe81","no","0","0","j","NA","NA","j","NA","NA","space","NA","NA","NA","NA","NA","f","NA","NA","space","NA","NA","NA","NA","NA","549","NA","NA","549","NA","NA","2668","NA","NA","NA","NA","NA","781","NA","NA","11449","NA","NA","NA","NA","NA","2","legacy","no","1024","2","48000","-16","EXP","12","even","no","no","NA","52397","1438","1439","50058","52383","52383","NA","NA","95343","117461","90829","63862","92659","117963","117459","52398","95343","117964","118516","NA","NA","63862","92615","81900","90827","81900","81900","63862","NA","NA","92662","NA","NA","NA","NA","NA","91331","91332","92115","75875","81364","119016","NA","NA","52400","NA","NA","NA","NA","NA","Orientation_PSA2018","24","21448","26","yes","1024"
"F","6447","F","F","PP_LIST1.csv","mitten.jpg","needle.jpg","92.5925925926","92.5925925926","828.62962963","828.62962963","#ffffff","yes","legacy","legacy","legacy","0","uniform","1","1","undefined","1","undefined","6","f","0","0","0","0","0","0","0","NA","13","0","13","12","0","0","13","13","0","0","13","13","13","13","0","12","2","12","2","2","0","0","0","0","0","0","0","0","0","12","12","12","12","12","13","0","0","0","0","0","0","0","0","10/02/19 15:00:55","no","Matching Tasks","yes","","no","OrientationCrossLanguages_2018PSA_PP_1.2.4.osexp","C:\Users\User\Desktop\PSA","no","chinese-japanese-korean","no","18","no","#0000ff","no","Magyar","yes","768","yes","legacy","13","13","3","5","PP-12.csv","legacy","no","Kafkaesque Koffka","3.2.4","yes","5a7ce671e83246000deafe81","no","0","0","f","NA","NA","f","NA","NA","space","NA","NA","NA","NA","NA","f","NA","NA","space","NA","NA","NA","NA","NA","925","NA","NA","925","NA","NA","2668","NA","NA","NA","NA","NA","781","NA","NA","11449","NA","NA","NA","NA","NA","2","legacy","no","1024","2","48000","-16","EXP","12","even","no","no","NA","52397","1438","1439","50058","52383","52383","NA","NA","95343","119149","90829","63862","92659","119651","119147","52398","95343","119652","120579","NA","NA","63862","92615","81900","90827","81900","81900","63862","NA","NA","92662","NA","NA","NA","NA","NA","91331","91332","92115","75875","81364","121079","NA","NA","52400","NA","NA","NA","NA","NA","Orientation_PSA2018","25","22373","27","yes","1024"
"F","6447","F","F","PP_LIST1.csv","spider.jpg","couch.jpg","92.8571428571","92.8571428571","822.678571429","822.678571429","#ffffff","yes","legacy","legacy","legacy","0","uniform","1","1","undefined","1","undefined","6","f","0","0","0","0","0","0","0","NA","14","0","14","12","0","0","14","14","0","0","14","14","14","14","0","12","2","12","2","2","0","0","0","0","0","0","0","0","0","12","12","12","12","12","14","0","0","0","0","0","0","0","0","10/02/19 15:00:55","no","Matching Tasks","yes","","no","OrientationCrossLanguages_2018PSA_PP_1.2.4.osexp","C:\Users\User\Desktop\PSA","no","chinese-japanese-korean","no","18","no","#0000ff","no","Magyar","yes","768","yes","legacy","14","14","3","5","PP-12.csv","legacy","no","Kafkaesque Koffka","3.2.4","yes","5a7ce671e83246000deafe81","no","0","0","f","NA","NA","f","NA","NA","space","NA","NA","NA","NA","NA","f","NA","NA","space","NA","NA","NA","NA","NA","662","NA","NA","662","NA","NA","2668","NA","NA","NA","NA","NA","781","NA","NA","11449","NA","NA","NA","NA","NA","2","legacy","no","1024","2","48000","-16","EXP","12","even","no","no","NA","52397","1438","1439","50058","52383","52383","NA","NA","95343","121228","90829","63862","92659","121730","121226","52398","95343","121731","122395","NA","NA","63862","92615","81900","90827","81900","81900","63862","NA","NA","92662","NA","NA","NA","NA","NA","91331","91332","92115","75875","81364","122896","NA","NA","52400","NA","NA","NA","NA","NA","Orientation_PSA2018","26","23035","28","yes","1024"
"N","6447","H","V","PP_LIST1.csv","ironH.jpg","ironV.jpg","93.1034482759","93.1034482759","820.379310345","820.379310345","#ffffff","yes","legacy","legacy","legacy","0","uniform","1","1","undefined","1","undefined","6","j","0","0","0","0","0","0","0","NA","15","0","15","12","0","0","15","15","0","0","15","15","15","15","0","12","2","12","2","2","0","0","0","0","0","0","0","0","0","12","12","12","12","12","15","0","0","0","0","0","0","0","0","10/02/19 15:00:55","no","Matching Tasks","yes","","no","OrientationCrossLanguages_2018PSA_PP_1.2.4.osexp","C:\Users\User\Desktop\PSA","no","chinese-japanese-korean","no","18","no","#0000ff","no","Magyar","yes","768","yes","legacy","15","15","3","5","PP-12.csv","legacy","no","Kafkaesque Koffka","3.2.4","yes","5a7ce671e83246000deafe81","no","0","0","j","NA","NA","j","NA","NA","space","NA","NA","NA","NA","NA","f","NA","NA","space","NA","NA","NA","NA","NA","756","NA","NA","756","NA","NA","2668","NA","NA","NA","NA","NA","781","NA","NA","11449","NA","NA","NA","NA","NA","2","legacy","no","1024","2","48000","-16","EXP","12","even","no","no","NA","52397","1438","1439","50058","52383","52383","NA","NA","95343","123038","90829","63862","92659","123540","123036","52398","95343","123541","124299","NA","NA","63862","92615","81900","90827","81900","81900","63862","NA","NA","92662","NA","NA","NA","NA","NA","91331","91332","92115","75875","81364","124800","NA","NA","52400","NA","NA","NA","NA","NA","Orientation_PSA2018","27","23791","29","yes","1024"
"N","6447","V","H","PP_LIST1.csv","scssorV.jpg","scssorH.jpg","93.3333333333","93.3333333333","811.8","811.8","#ffffff","yes","legacy","legacy","legacy","0","uniform","1","1","undefined","1","undefined","6","j","0","0","0","0","0","0","0","NA","16","0","16","12","0","0","16","16","0","0","16","16","16","16","0","12","2","12","2","2","0","0","0","0","0","0","0","0","0","12","12","12","12","12","16","0","0","0","0","0","0","0","0","10/02/19 15:00:55","no","Matching Tasks","yes","","no","OrientationCrossLanguages_2018PSA_PP_1.2.4.osexp","C:\Users\User\Desktop\PSA","no","chinese-japanese-korean","no","18","no","#0000ff","no","Magyar","yes","768","yes","legacy","16","16","3","5","PP-12.csv","legacy","no","Kafkaesque Koffka","3.2.4","yes","5a7ce671e83246000deafe81","no","0","0","j","NA","NA","j","NA","NA","space","NA","NA","NA","NA","NA","f","NA","NA","space","NA","NA","NA","NA","NA","563","NA","NA","563","NA","NA","2668","NA","NA","NA","NA","NA","781","NA","NA","11449","NA","NA","NA","NA","NA","2","legacy","no","1024","2","48000","-16","EXP","12","even","no","no","NA","52397","1438","1439","50058","52383","52383","NA","NA","95343","124951","90829","63862","92659","125453","124949","52398","95343","125454","126020","NA","NA","63862","92615","81900","90827","81900","81900","63862","NA","NA","92662","NA","NA","NA","NA","NA","91331","91332","92115","75875","81364","126520","NA","NA","52400","NA","NA","NA","NA","NA","Orientation_PSA2018","28","24354","30","yes","1024"
"N","6447","V","H","PP_LIST1.csv","plateV.jpg","plateH.jpg","93.5483870968","93.5483870968","801.161290323","801.161290323","#ffffff","yes","legacy","legacy","legacy","0","uniform","1","1","undefined","1","undefined","6","j","0","0","0","0","0","0","0","NA","17","0","17","12","0","0","17","17","0","0","17","17","17","17","0","12","2","12","2","2","0","0","0","0","0","0","0","0","0","12","12","12","12","12","17","0","0","0","0","0","0","0","0","10/02/19 15:00:55","no","Matching Tasks","yes","","no","OrientationCrossLanguages_2018PSA_PP_1.2.4.osexp","C:\Users\User\Desktop\PSA","no","chinese-japanese-korean","no","18","no","#0000ff","no","Magyar","yes","768","yes","legacy","17","17","3","5","PP-12.csv","legacy","no","Kafkaesque Koffka","3.2.4","yes","5a7ce671e83246000deafe81","no","0","0","j","NA","NA","j","NA","NA","space","NA","NA","NA","NA","NA","f","NA","NA","space","NA","NA","NA","NA","NA","482","NA","NA","482","NA","NA","2668","NA","NA","NA","NA","NA","781","NA","NA","11449","NA","NA","NA","NA","NA","2","legacy","no","1024","2","48000","-16","EXP","12","even","no","no","NA","52397","1438","1439","50058","52383","52383","NA","NA","95343","126672","90829","63862","92659","127174","126670","52398","95343","127175","127659","NA","NA","63862","92615","81900","90827","81900","81900","63862","NA","NA","92662","NA","NA","NA","NA","NA","91331","91332","92115","75875","81364","128159","NA","NA","52400","NA","NA","NA","NA","NA","Orientation_PSA2018","29","24836","31","yes","1024"
"F","6447","F","F","PP_LIST1.csv","nut.jpg","watch.jpg","93.75","93.75","794.8125","794.8125","#ffffff","yes","legacy","legacy","legacy","0","uniform","1","1","undefined","1","undefined","6","f","0","0","0","0","0","0","0","NA","18","0","18","12","0","0","18","18","0","0","18","18","18","18","0","12","2","12","2","2","0","0","0","0","0","0","0","0","0","12","12","12","12","12","18","0","0","0","0","0","0","0","0","10/02/19 15:00:55","no","Matching Tasks","yes","","no","OrientationCrossLanguages_2018PSA_PP_1.2.4.osexp","C:\Users\User\Desktop\PSA","no","chinese-japanese-korean","no","18","no","#0000ff","no","Magyar","yes","768","yes","legacy","18","18","3","5","PP-12.csv","legacy","no","Kafkaesque Koffka","3.2.4","yes","5a7ce671e83246000deafe81","no","0","0","f","NA","NA","f","NA","NA","space","NA","NA","NA","NA","NA","f","NA","NA","space","NA","NA","NA","NA","NA","598","NA","NA","598","NA","NA","2668","NA","NA","NA","NA","NA","781","NA","NA","11449","NA","NA","NA","NA","NA","2","legacy","no","1024","2","48000","-16","EXP","12","even","no","no","NA","52397","1438","1439","50058","52383","52383","NA","NA","95343","128308","90829","63862","92659","128810","128306","52398","95343","128811","129411","NA","NA","63862","92615","81900","90827","81900","81900","63862","NA","NA","92662","NA","NA","NA","NA","NA","91331","91332","92115","75875","81364","129912","NA","NA","52400","NA","NA","NA","NA","NA","Orientation_PSA2018","30","25434","32","yes","1024"
"F","6447","F","F","PP_LIST1.csv","piano.jpg","sutcse.jpg","93.9393939394","93.9393939394","793.848484848","793.848484848","#ffffff","yes","legacy","legacy","legacy","0","uniform","1","1","undefined","1","undefined","6","f","0","0","0","0","0","0","0","NA","19","0","19","12","0","0","19","19","0","0","19","19","19","19","0","12","2","12","2","2","0","0","0","0","0","0","0","0","0","12","12","12","12","12","19","0","0","0","0","0","0","0","0","10/02/19 15:00:55","no","Matching Tasks","yes","","no","OrientationCrossLanguages_2018PSA_PP_1.2.4.osexp","C:\Users\User\Desktop\PSA","no","chinese-japanese-korean","no","18","no","#0000ff","no","Magyar","yes","768","yes","legacy","19","19","3","5","PP-12.csv","legacy","no","Kafkaesque Koffka","3.2.4","yes","5a7ce671e83246000deafe81","no","0","0","f","NA","NA","f","NA","NA","space","NA","NA","NA","NA","NA","f","NA","NA","space","NA","NA","NA","NA","NA","763","NA","NA","763","NA","NA","2668","NA","NA","NA","NA","NA","781","NA","NA","11449","NA","NA","NA","NA","NA","2","legacy","no","1024","2","48000","-16","EXP","12","even","no","no","NA","52397","1438","1439","50058","52383","52383","NA","NA","95343","130055","90829","63862","92659","130557","130053","52398","95343","130558","131323","NA","NA","63862","92615","81900","90827","81900","81900","63862","NA","NA","92662","NA","NA","NA","NA","NA","91331","91332","92115","75875","81364","131823","NA","NA","52400","NA","NA","NA","NA","NA","Orientation_PSA2018","31","26197","33","yes","1024"
"F","6447","F","F","PP_LIST1.csv","watch.jpg","skirt.jpg","94.1176470588","94.1176470588","801.5","801.5","#ffffff","yes","legacy","legacy","legacy","0","uniform","1","1","undefined","1","undefined","6","f","0","0","0","0","0","0","0","NA","20","0","20","12","0","0","20","20","0","0","20","20","20","20","0","12","2","12","2","2","0","0","0","0","0","0","0","0","0","12","12","12","12","12","20","0","0","0","0","0","0","0","0","10/02/19 15:00:55","no","Matching Tasks","yes","","no","OrientationCrossLanguages_2018PSA_PP_1.2.4.osexp","C:\Users\User\Desktop\PSA","no","chinese-japanese-korean","no","18","no","#0000ff","no","Magyar","yes","768","yes","legacy","20","20","3","5","PP-12.csv","legacy","no","Kafkaesque Koffka","3.2.4","yes","5a7ce671e83246000deafe81","no","0","0","f","NA","NA","f","NA","NA","space","NA","NA","NA","NA","NA","f","NA","NA","space","NA","NA","NA","NA","NA","1054","NA","NA","1054","NA","NA","2668","NA","NA","NA","NA","NA","781","NA","NA","11449","NA","NA","NA","NA","NA","2","legacy","no","1024","2","48000","-16","EXP","12","even","no","no","NA","52397","1438","1439","50058","52383","52383","NA","NA","95343","131972","90829","63862","92659","132474","131970","52398","95343","132475","133531","NA","NA","63862","92615","81900","90827","81900","81900","63862","NA","NA","92662","NA","NA","NA","NA","NA","91331","91332","92115","75875","81364","134031","NA","NA","52400","NA","NA","NA","NA","NA","Orientation_PSA2018","32","27251","34","yes","1024"
"F","6447","F","F","PP_LIST1.csv","wndmil.jpg","mitten.jpg","94.2857142857","94.2857142857","797.628571429","797.628571429","#ffffff","yes","legacy","legacy","legacy","0","uniform","1","1","undefined","1","undefined","6","f","0","0","0","0","0","0","0","NA","21","0","21","12","0","0","21","21","0","0","21","21","21","21","0","12","2","12","2","2","0","0","0","0","0","0","0","0","0","12","12","12","12","12","21","0","0","0","0","0","0","0","0","10/02/19 15:00:55","no","Matching Tasks","yes","","no","OrientationCrossLanguages_2018PSA_PP_1.2.4.osexp","C:\Users\User\Desktop\PSA","no","chinese-japanese-korean","no","18","no","#0000ff","no","Magyar","yes","768","yes","legacy","21","21","3","5","PP-12.csv","legacy","no","Kafkaesque Koffka","3.2.4","yes","5a7ce671e83246000deafe81","no","0","0","f","NA","NA","f","NA","NA","space","NA","NA","NA","NA","NA","f","NA","NA","space","NA","NA","NA","NA","NA","666","NA","NA","666","NA","NA","2668","NA","NA","NA","NA","NA","781","NA","NA","11449","NA","NA","NA","NA","NA","2","legacy","no","1024","2","48000","-16","EXP","12","even","no","no","NA","52397","1438","1439","50058","52383","52383","NA","NA","95343","134168","90829","63862","92659","134670","134166","52398","95343","134671","135339","NA","NA","63862","92615","81900","90827","81900","81900","63862","NA","NA","92662","NA","NA","NA","NA","NA","91331","91332","92115","75875","81364","135839","NA","NA","52400","NA","NA","NA","NA","NA","Orientation_PSA2018","33","27917","35","yes","1024"
"F","6447","F","F","PP_LIST1.csv","ladder.jpg","house.jpg","94.4444444444","94.4444444444","792.166666667","792.166666667","#ffffff","yes","legacy","legacy","legacy","0","uniform","1","1","undefined","1","undefined","6","f","0","0","0","0","0","0","0","NA","22","0","22","12","0","0","22","22","0","0","22","22","22","22","0","12","2","12","2","2","0","0","0","0","0","0","0","0","0","12","12","12","12","12","22","0","0","0","0","0","0","0","0","10/02/19 15:00:55","no","Matching Tasks","yes","","no","OrientationCrossLanguages_2018PSA_PP_1.2.4.osexp","C:\Users\User\Desktop\PSA","no","chinese-japanese-korean","no","18","no","#0000ff","no","Magyar","yes","768","yes","legacy","22","22","3","5","PP-12.csv","legacy","no","Kafkaesque Koffka","3.2.4","yes","5a7ce671e83246000deafe81","no","0","0","f","NA","NA","f","NA","NA","space","NA","NA","NA","NA","NA","f","NA","NA","space","NA","NA","NA","NA","NA","601","NA","NA","601","NA","NA","2668","NA","NA","NA","NA","NA","781","NA","NA","11449","NA","NA","NA","NA","NA","2","legacy","no","1024","2","48000","-16","EXP","12","even","no","no","NA","52397","1438","1439","50058","52383","52383","NA","NA","95343","135977","90829","63862","92659","136479","135975","52398","95343","136480","137083","NA","NA","63862","92615","81900","90827","81900","81900","63862","NA","NA","92662","NA","NA","NA","NA","NA","91331","91332","92115","75875","81364","137583","NA","NA","52400","NA","NA","NA","NA","NA","Orientation_PSA2018","34","28518","36","yes","1024"
"F","6447","F","F","PP_LIST1.csv","sutcse.jpg","pumpkin.jpg","94.5945945946","94.5945945946","786.405405405","786.405405405","#ffffff","yes","legacy","legacy","legacy","0","uniform","1","1","undefined","1","undefined","6","f","0","0","0","0","0","0","0","NA","23","0","23","12","0","0","23","23","0","0","23","23","23","23","0","12","2","12","2","2","0","0","0","0","0","0","0","0","0","12","12","12","12","12","23","0","0","0","0","0","0","0","0","10/02/19 15:00:55","no","Matching Tasks","yes","","no","OrientationCrossLanguages_2018PSA_PP_1.2.4.osexp","C:\Users\User\Desktop\PSA","no","chinese-japanese-korean","no","18","no","#0000ff","no","Magyar","yes","768","yes","legacy","23","23","3","5","PP-12.csv","legacy","no","Kafkaesque Koffka","3.2.4","yes","5a7ce671e83246000deafe81","no","0","0","f","NA","NA","f","NA","NA","space","NA","NA","NA","NA","NA","f","NA","NA","space","NA","NA","NA","NA","NA","579","NA","NA","579","NA","NA","2668","NA","NA","NA","NA","NA","781","NA","NA","11449","NA","NA","NA","NA","NA","2","legacy","no","1024","2","48000","-16","EXP","12","even","no","no","NA","52397","1438","1439","50058","52383","52383","NA","NA","95343","137719","90829","63862","92659","138221","137717","52398","95343","138222","138804","NA","NA","63862","92615","81900","90827","81900","81900","63862","NA","NA","92662","NA","NA","NA","NA","NA","91331","91332","92115","75875","81364","139304","NA","NA","52400","NA","NA","NA","NA","NA","Orientation_PSA2018","35","29097","37","yes","1024"
"F","6447","F","F","PP_LIST1.csv","house.jpg","ring.jpg","100","100","591","591","#ffffff","yes","legacy","legacy","legacy","0","uniform","1","1","undefined","1","undefined","6","f","0","0","0","0","0","0","0","0","24","0","24","12","0","0","24","24","0","0","24","24","24","24","0","12","2","12","2","2","0","0","0","0","0","0","0","0","0","12","12","12","12","12","24","0","0","0","0","0","0","0","0","10/02/19 15:00:55","no","Matching Tasks","yes","","no","OrientationCrossLanguages_2018PSA_PP_1.2.4.osexp","C:\Users\User\Desktop\PSA","no","chinese-japanese-korean","no","18","no","#0000ff","no","Magyar","yes","768","yes","legacy","24","24","3","5","PP-12.csv","legacy","no","Kafkaesque Koffka","3.2.4","yes","5a7ce671e83246000deafe81","no","0","0","f","space","NA","f","NA","NA","space","NA","NA","NA","NA","NA","f","NA","NA","space","NA","NA","NA","NA","NA","591","1465","NA","591","NA","NA","2668","NA","NA","NA","NA","NA","781","NA","NA","11449","NA","NA","NA","NA","NA","2","legacy","no","1024","2","48000","-16","EXP","12","even","no","no","NA","52397","1438","1439","50058","52383","52383","139376","NA","95343","140947","90829","63862","92659","141449","140945","52398","95343","141450","142043","NA","NA","63862","92615","81900","90827","81900","81900","63862","NA","NA","92662","NA","NA","NA","NA","NA","91331","91332","92115","75875","81364","142543","NA","NA","52400","NA","NA","NA","NA","NA","Orientation_PSA2018","1","591","1","yes","1024"
"Y","6447","H","H","PP_LIST1.csv","bottleH.jpg","bottleH.jpg","100","100","641","641","#ffffff","yes","legacy","legacy","legacy","0","uniform","1","1","undefined","1","undefined","6","j","0","0","0","0","0","0","0","0","25","0","25","12","0","0","25","25","0","0","25","25","25","25","0","12","2","12","2","2","0","0","0","0","0","0","0","0","0","12","12","12","12","12","25","0","0","0","0","0","0","0","0","10/02/19 15:00:55","no","Matching Tasks","yes","","no","OrientationCrossLanguages_2018PSA_PP_1.2.4.osexp","C:\Users\User\Desktop\PSA","no","chinese-japanese-korean","no","18","no","#0000ff","no","Magyar","yes","768","yes","legacy","25","25","3","5","PP-12.csv","legacy","no","Kafkaesque Koffka","3.2.4","yes","5a7ce671e83246000deafe81","no","0","0","j","space","NA","j","NA","NA","space","NA","NA","NA","NA","NA","f","NA","NA","space","NA","NA","NA","NA","NA","691","1465","NA","691","NA","NA","2668","NA","NA","NA","NA","NA","781","NA","NA","11449","NA","NA","NA","NA","NA","2","legacy","no","1024","2","48000","-16","EXP","12","even","no","no","NA","52397","1438","1439","50058","52383","52383","139376","NA","95343","142687","90829","63862","92659","143189","142685","52398","95343","143190","143883","NA","NA","63862","92615","81900","90827","81900","81900","63862","NA","NA","92662","NA","NA","NA","NA","NA","91331","91332","92115","75875","81364","144383","NA","NA","52400","NA","NA","NA","NA","NA","Orientation_PSA2018","2","1282","2","yes","1024"
"N","6447","V","H","PP_LIST1.csv","tireV.jpg","tireH.jpg","100","100","657.666666667","657.666666667","#ffffff","yes","legacy","legacy","legacy","0","uniform","1","1","undefined","1","undefined","6","j","0","0","0","0","0","0","0","0","26","0","26","12","0","0","26","26","0","0","26","26","26","26","0","12","2","12","2","2","0","0","0","0","0","0","0","0","0","12","12","12","12","12","26","0","0","0","0","0","0","0","0","10/02/19 15:00:55","no","Matching Tasks","yes","","no","OrientationCrossLanguages_2018PSA_PP_1.2.4.osexp","C:\Users\User\Desktop\PSA","no","chinese-japanese-korean","no","18","no","#0000ff","no","Magyar","yes","768","yes","legacy","26","26","3","5","PP-12.csv","legacy","no","Kafkaesque Koffka","3.2.4","yes","5a7ce671e83246000deafe81","no","0","0","j","space","NA","j","NA","NA","space","NA","NA","NA","NA","NA","f","NA","NA","space","NA","NA","NA","NA","NA","691","1465","NA","691","NA","NA","2668","NA","NA","NA","NA","NA","781","NA","NA","11449","NA","NA","NA","NA","NA","2","legacy","no","1024","2","48000","-16","EXP","12","even","no","no","NA","52397","1438","1439","50058","52383","52383","139376","NA","95343","144527","90829","63862","92659","145029","144525","52398","95343","145030","145723","NA","NA","63862","92615","81900","90827","81900","81900","63862","NA","NA","92662","NA","NA","NA","NA","NA","91331","91332","92115","75875","81364","146223","NA","NA","52400","NA","NA","NA","NA","NA","Orientation_PSA2018","3","1973","3","yes","1024"
"F","6447","F","F","PP_LIST1.csv","couch.jpg","spider.jpg","100","100","633.25","633.25","#ffffff","yes","legacy","legacy","legacy","0","uniform","1","1","undefined","1","undefined","6","f","0","0","0","0","0","0","0","0","27","0","27","12","0","0","27","27","0","0","27","27","27","27","0","12","2","12","2","2","0","0","0","0","0","0","0","0","0","12","12","12","12","12","27","0","0","0","0","0","0","0","0","10/02/19 15:00:55","no","Matching Tasks","yes","","no","OrientationCrossLanguages_2018PSA_PP_1.2.4.osexp","C:\Users\User\Desktop\PSA","no","chinese-japanese-korean","no","18","no","#0000ff","no","Magyar","yes","768","yes","legacy","27","27","3","5","PP-12.csv","legacy","no","Kafkaesque Koffka","3.2.4","yes","5a7ce671e83246000deafe81","no","0","0","f","space","NA","f","NA","NA","space","NA","NA","NA","NA","NA","f","NA","NA","space","NA","NA","NA","NA","NA","560","1465","NA","560","NA","NA","2668","NA","NA","NA","NA","NA","781","NA","NA","11449","NA","NA","NA","NA","NA","2","legacy","no","1024","2","48000","-16","EXP","12","even","no","no","NA","52397","1438","1439","50058","52383","52383","139376","NA","95343","146362","90829","63862","92659","146864","146360","52398","95343","146865","147427","NA","NA","63862","92615","81900","90827","81900","81900","63862","NA","NA","92662","NA","NA","NA","NA","NA","91331","91332","92115","75875","81364","147927","NA","NA","52400","NA","NA","NA","NA","NA","Orientation_PSA2018","4","2533","4","yes","1024"
"Y","6447","V","V","PP_LIST1.csv","crayonV.jpg","crayonV.jpg","100","100","708.6","708.6","#ffffff","yes","legacy","legacy","legacy","0","uniform","1","1","undefined","1","undefined","6","j","0","0","0","0","0","0","0","0","28","0","28","12","0","0","28","28","0","0","28","28","28","28","0","12","2","12","2","2","0","0","0","0","0","0","0","0","0","12","12","12","12","12","28","0","0","0","0","0","0","0","0","10/02/19 15:00:55","no","Matching Tasks","yes","","no","OrientationCrossLanguages_2018PSA_PP_1.2.4.osexp","C:\Users\User\Desktop\PSA","no","chinese-japanese-korean","no","18","no","#0000ff","no","Magyar","yes","768","yes","legacy","28","28","3","5","PP-12.csv","legacy","no","Kafkaesque Koffka","3.2.4","yes","5a7ce671e83246000deafe81","no","0","0","j","space","NA","j","NA","NA","space","NA","NA","NA","NA","NA","f","NA","NA","space","NA","NA","NA","NA","NA","1010","1465","NA","1010","NA","NA","2668","NA","NA","NA","NA","NA","781","NA","NA","11449","NA","NA","NA","NA","NA","2","legacy","no","1024","2","48000","-16","EXP","12","even","no","no","NA","52397","1438","1439","50058","52383","52383","139376","NA","95343","148072","90829","63862","92659","148574","148070","52398","95343","148575","149587","NA","NA","63862","92615","81900","90827","81900","81900","63862","NA","NA","92662","NA","NA","NA","NA","NA","91331","91332","92115","75875","81364","150087","NA","NA","52400","NA","NA","NA","NA","NA","Orientation_PSA2018","5","3543","5","yes","1024"
"Y","6447","V","V","PP_LIST1.csv","clothespinV.jpg","clothespinV.jpg","100","100","675.666666667","675.666666667","#ffffff","yes","legacy","legacy","legacy","0","uniform","1","1","undefined","1","undefined","6","j","0","0","0","0","0","0","0","0","29","0","29","12","0","0","29","29","0","0","29","29","29","29","0","12","2","12","2","2","0","0","0","0","0","0","0","0","0","12","12","12","12","12","29","0","0","0","0","0","0","0","0","10/02/19 15:00:55","no","Matching Tasks","yes","","no","OrientationCrossLanguages_2018PSA_PP_1.2.4.osexp","C:\Users\User\Desktop\PSA","no","chinese-japanese-korean","no","18","no","#0000ff","no","Magyar","yes","768","yes","legacy","29","29","3","5","PP-12.csv","legacy","no","Kafkaesque Koffka","3.2.4","yes","5a7ce671e83246000deafe81","no","0","0","j","space","NA","j","NA","NA","space","NA","NA","NA","NA","NA","f","NA","NA","space","NA","NA","NA","NA","NA","511","1465","NA","511","NA","NA","2668","NA","NA","NA","NA","NA","781","NA","NA","11449","NA","NA","NA","NA","NA","2","legacy","no","1024","2","48000","-16","EXP","12","even","no","no","NA","52397","1438","1439","50058","52383","52383","139376","NA","95343","150235","90829","63862","92659","150737","150233","52398","95343","150738","151251","NA","NA","63862","92615","81900","90827","81900","81900","63862","NA","NA","92662","NA","NA","NA","NA","NA","91331","91332","92115","75875","81364","151751","NA","NA","52400","NA","NA","NA","NA","NA","Orientation_PSA2018","6","4054","6","yes","1024"
"N","6447","V","H","PP_LIST1.csv","screwV.jpg","screwH.jpg","100","100","641.142857143","641.142857143","#ffffff","yes","legacy","legacy","legacy","0","uniform","1","1","undefined","1","undefined","6","j","0","0","0","0","0","0","0","0","30","0","30","12","0","0","30","30","0","0","30","30","30","30","0","12","2","12","2","2","0","0","0","0","0","0","0","0","0","12","12","12","12","12","30","0","0","0","0","0","0","0","0","10/02/19 15:00:55","no","Matching Tasks","yes","","no","OrientationCrossLanguages_2018PSA_PP_1.2.4.osexp","C:\Users\User\Desktop\PSA","no","chinese-japanese-korean","no","18","no","#0000ff","no","Magyar","yes","768","yes","legacy","30","30","3","5","PP-12.csv","legacy","no","Kafkaesque Koffka","3.2.4","yes","5a7ce671e83246000deafe81","no","0","0","j","space","NA","j","NA","NA","space","NA","NA","NA","NA","NA","f","NA","NA","space","NA","NA","NA","NA","NA","434","1465","NA","434","NA","NA","2668","NA","NA","NA","NA","NA","781","NA","NA","11449","NA","NA","NA","NA","NA","2","legacy","no","1024","2","48000","-16","EXP","12","even","no","no","NA","52397","1438","1439","50058","52383","52383","139376","NA","95343","151896","90829","63862","92659","152398","151894","52398","95343","152399","152835","NA","NA","63862","92615","81900","90827","81900","81900","63862","NA","NA","92662","NA","NA","NA","NA","NA","91331","91332","92115","75875","81364","153335","NA","NA","52400","NA","NA","NA","NA","NA","Orientation_PSA2018","7","4488","7","yes","1024"
"F","6447","F","F","PP_LIST1.csv","tapedispenser.jpg","wrench.jpg","100","100","629.25","629.25","#ffffff","yes","legacy","legacy","legacy","0","uniform","1","1","undefined","1","undefined","6","f","0","0","0","0","0","0","0","0","31","0","31","12","0","0","31","31","0","0","31","31","31","31","0","12","2","12","2","2","0","0","0","0","0","0","0","0","0","12","12","12","12","12","31","0","0","0","0","0","0","0","0","10/02/19 15:00:55","no","Matching Tasks","yes","","no","OrientationCrossLanguages_2018PSA_PP_1.2.4.osexp","C:\Users\User\Desktop\PSA","no","chinese-japanese-korean","no","18","no","#0000ff","no","Magyar","yes","768","yes","legacy","31","31","3","5","PP-12.csv","legacy","no","Kafkaesque Koffka","3.2.4","yes","5a7ce671e83246000deafe81","no","0","0","f","space","NA","f","NA","NA","space","NA","NA","NA","NA","NA","f","NA","NA","space","NA","NA","NA","NA","NA","546","1465","NA","546","NA","NA","2668","NA","NA","NA","NA","NA","781","NA","NA","11449","NA","NA","NA","NA","NA","2","legacy","no","1024","2","48000","-16","EXP","12","even","no","no","NA","52397","1438","1439","50058","52383","52383","139376","NA","95343","153480","90829","63862","92659","153982","153478","52398","95343","153983","154531","NA","NA","63862","92615","81900","90827","81900","81900","63862","NA","NA","92662","NA","NA","NA","NA","NA","91331","91332","92115","75875","81364","155031","NA","NA","52400","NA","NA","NA","NA","NA","Orientation_PSA2018","8","5034","8","yes","1024"
"Y","6447","H","H","PP_LIST1.csv","bookH.jpg","bookH.jpg","100","100","643","643","#ffffff","yes","legacy","legacy","legacy","0","uniform","1","1","undefined","1","undefined","6","j","0","0","0","0","0","0","0","0","32","0","32","12","0","0","32","32","0","0","32","32","32","32","0","12","2","12","2","2","0","0","0","0","0","0","0","0","0","12","12","12","12","12","32","0","0","0","0","0","0","0","0","10/02/19 15:00:55","no","Matching Tasks","yes","","no","OrientationCrossLanguages_2018PSA_PP_1.2.4.osexp","C:\Users\User\Desktop\PSA","no","chinese-japanese-korean","no","18","no","#0000ff","no","Magyar","yes","768","yes","legacy","32","32","3","5","PP-12.csv","legacy","no","Kafkaesque Koffka","3.2.4","yes","5a7ce671e83246000deafe81","no","0","0","j","space","NA","j","NA","NA","space","NA","NA","NA","NA","NA","f","NA","NA","space","NA","NA","NA","NA","NA","753","1465","NA","753","NA","NA","2668","NA","NA","NA","NA","NA","781","NA","NA","11449","NA","NA","NA","NA","NA","2","legacy","no","1024","2","48000","-16","EXP","12","even","no","no","NA","52397","1438","1439","50058","52383","52383","139376","NA","95343","155169","90829","63862","92659","155671","155167","52398","95343","155672","156427","NA","NA","63862","92615","81900","90827","81900","81900","63862","NA","NA","92662","NA","NA","NA","NA","NA","91331","91332","92115","75875","81364","156927","NA","NA","52400","NA","NA","NA","NA","NA","Orientation_PSA2018","9","5787","9","yes","1024"
"F","6447","F","F","PP_LIST1.csv","buggy.jpg","glass.jpg","100","100","713.4","713.4","#ffffff","yes","legacy","legacy","legacy","0","uniform","1","1","undefined","1","undefined","6","f","0","0","0","0","0","0","0","0","33","0","33","12","0","0","33","33","0","0","33","33","33","33","0","12","2","12","2","2","0","0","0","0","0","0","0","0","0","12","12","12","12","12","33","0","0","0","0","0","0","0","0","10/02/19 15:00:55","no","Matching Tasks","yes","","no","OrientationCrossLanguages_2018PSA_PP_1.2.4.osexp","C:\Users\User\Desktop\PSA","no","chinese-japanese-korean","no","18","no","#0000ff","no","Magyar","yes","768","yes","legacy","33","33","3","5","PP-12.csv","legacy","no","Kafkaesque Koffka","3.2.4","yes","5a7ce671e83246000deafe81","no","0","0","f","space","NA","f","NA","NA","space","NA","NA","NA","NA","NA","f","NA","NA","space","NA","NA","NA","NA","NA","1347","1465","NA","1347","NA","NA","2668","NA","NA","NA","NA","NA","781","NA","NA","11449","NA","NA","NA","NA","NA","2","legacy","no","1024","2","48000","-16","EXP","12","even","no","no","NA","52397","1438","1439","50058","52383","52383","139376","NA","95343","157063","90829","63862","92659","157565","157061","52398","95343","157566","158915","NA","NA","63862","92615","81900","90827","81900","81900","63862","NA","NA","92662","NA","NA","NA","NA","NA","91331","91332","92115","75875","81364","159415","NA","NA","52400","NA","NA","NA","NA","NA","Orientation_PSA2018","10","7134","10","yes","1024"
"F","6447","F","F","PP_LIST1.csv","umberella.jpg","flower.jpg","100","100","712.181818182","712.181818182","#ffffff","yes","legacy","legacy","legacy","0","uniform","1","1","undefined","1","undefined","6","f","0","0","0","0","0","0","0","0","34","0","34","12","0","0","34","34","0","0","34","34","34","34","0","12","2","12","2","2","0","0","0","0","0","0","0","0","0","12","12","12","12","12","34","0","0","0","0","0","0","0","0","10/02/19 15:00:55","no","Matching Tasks","yes","","no","OrientationCrossLanguages_2018PSA_PP_1.2.4.osexp","C:\Users\User\Desktop\PSA","no","chinese-japanese-korean","no","18","no","#0000ff","no","Magyar","yes","768","yes","legacy","34","34","3","5","PP-12.csv","legacy","no","Kafkaesque Koffka","3.2.4","yes","5a7ce671e83246000deafe81","no","0","0","f","space","NA","f","NA","NA","space","NA","NA","NA","NA","NA","f","NA","NA","space","NA","NA","NA","NA","NA","700","1465","NA","700","NA","NA","2668","NA","NA","NA","NA","NA","781","NA","NA","11449","NA","NA","NA","NA","NA","2","legacy","no","1024","2","48000","-16","EXP","12","even","no","no","NA","52397","1438","1439","50058","52383","52383","139376","NA","95343","159550","90829","63862","92659","160052","159548","52398","95343","160053","160755","NA","NA","63862","92615","81900","90827","81900","81900","63862","NA","NA","92662","NA","NA","NA","NA","NA","91331","91332","92115","75875","81364","161255","NA","NA","52400","NA","NA","NA","NA","NA","Orientation_PSA2018","11","7834","11","yes","1024"
"F","6447","F","F","PP_LIST1.csv","wrench.jpg","piano.jpg","100","100","723.25","723.25","#ffffff","yes","legacy","legacy","legacy","0","uniform","1","1","undefined","1","undefined","6","f","0","0","0","0","0","0","0","0","35","0","35","12","0","0","35","35","0","0","35","35","35","35","0","12","2","12","2","2","0","0","0","0","0","0","0","0","0","12","12","12","12","12","35","0","0","0","0","0","0","0","0","10/02/19 15:00:55","no","Matching Tasks","yes","","no","OrientationCrossLanguages_2018PSA_PP_1.2.4.osexp","C:\Users\User\Desktop\PSA","no","chinese-japanese-korean","no","18","no","#0000ff","no","Magyar","yes","768","yes","legacy","35","35","3","5","PP-12.csv","legacy","no","Kafkaesque Koffka","3.2.4","yes","5a7ce671e83246000deafe81","no","0","0","f","space","NA","f","NA","NA","space","NA","NA","NA","NA","NA","f","NA","NA","space","NA","NA","NA","NA","NA","845","1465","NA","845","NA","NA","2668","NA","NA","NA","NA","NA","781","NA","NA","11449","NA","NA","NA","NA","NA","2","legacy","no","1024","2","48000","-16","EXP","12","even","no","no","NA","52397","1438","1439","50058","52383","52383","139376","NA","95343","161404","90829","63862","92659","161906","161402","52398","95343","161907","162755","NA","NA","63862","92615","81900","90827","81900","81900","63862","NA","NA","92662","NA","NA","NA","NA","NA","91331","91332","92115","75875","81364","163255","NA","NA","52400","NA","NA","NA","NA","NA","Orientation_PSA2018","12","8679","12","yes","1024"
"Y","6447","V","V","PP_LIST1.csv","flashV.jpg","flashV.jpg","100","100","735","735","#ffffff","yes","legacy","legacy","legacy","0","uniform","1","1","undefined","1","undefined","6","j","0","0","0","0","0","0","0","0","36","0","36","12","0","0","36","36","0","0","36","36","36","36","0","12","2","12","2","2","0","0","0","0","0","0","0","0","0","12","12","12","12","12","36","0","0","0","0","0","0","0","0","10/02/19 15:00:55","no","Matching Tasks","yes","","no","OrientationCrossLanguages_2018PSA_PP_1.2.4.osexp","C:\Users\User\Desktop\PSA","no","chinese-japanese-korean","no","18","no","#0000ff","no","Magyar","yes","768","yes","legacy","36","36","3","5","PP-12.csv","legacy","no","Kafkaesque Koffka","3.2.4","yes","5a7ce671e83246000deafe81","no","0","0","j","space","NA","j","NA","NA","space","NA","NA","NA","NA","NA","f","NA","NA","space","NA","NA","NA","NA","NA","876","1465","NA","876","NA","NA","2668","NA","NA","NA","NA","NA","781","NA","NA","11449","NA","NA","NA","NA","NA","2","legacy","no","1024","2","48000","-16","EXP","12","even","no","no","NA","52397","1438","1439","50058","52383","52383","139376","NA","95343","163398","90829","63862","92659","163900","163396","52398","95343","163901","164779","NA","NA","63862","92615","81900","90827","81900","81900","63862","NA","NA","92662","NA","NA","NA","NA","NA","91331","91332","92115","75875","81364","165279","NA","NA","52400","NA","NA","NA","NA","NA","Orientation_PSA2018","13","9555","13","yes","1024"
"Y","6447","H","H","PP_LIST1.csv","batH.jpg","batH.jpg","100","100","713.5","713.5","#ffffff","yes","legacy","legacy","legacy","0","uniform","1","1","undefined","1","undefined","6","j","0","0","0","0","0","0","0","0","37","0","37","12","0","0","37","37","0","0","37","37","37","37","0","12","2","12","2","2","0","0","0","0","0","0","0","0","0","12","12","12","12","12","37","0","0","0","0","0","0","0","0","10/02/19 15:00:55","no","Matching Tasks","yes","","no","OrientationCrossLanguages_2018PSA_PP_1.2.4.osexp","C:\Users\User\Desktop\PSA","no","chinese-japanese-korean","no","18","no","#0000ff","no","Magyar","yes","768","yes","legacy","37","37","3","5","PP-12.csv","legacy","no","Kafkaesque Koffka","3.2.4","yes","5a7ce671e83246000deafe81","no","0","0","j","space","NA","j","NA","NA","space","NA","NA","NA","NA","NA","f","NA","NA","space","NA","NA","NA","NA","NA","434","1465","NA","434","NA","NA","2668","NA","NA","NA","NA","NA","781","NA","NA","11449","NA","NA","NA","NA","NA","2","legacy","no","1024","2","48000","-16","EXP","12","even","no","no","NA","52397","1438","1439","50058","52383","52383","139376","NA","95343","165432","90829","63862","92659","165935","165430","52398","95343","165935","166371","NA","NA","63862","92615","81900","90827","81900","81900","63862","NA","NA","92662","NA","NA","NA","NA","NA","91331","91332","92115","75875","81364","166871","NA","NA","52400","NA","NA","NA","NA","NA","Orientation_PSA2018","14","9989","14","yes","1024"
"F","6447","F","F","PP_LIST1.csv","needle.jpg","tiger.jpg","100","100","704.066666667","704.066666667","#ffffff","yes","legacy","legacy","legacy","0","uniform","1","1","undefined","1","undefined","6","f","0","0","0","0","0","0","0","0","38","0","38","12","0","0","38","38","0","0","38","38","38","38","0","12","2","12","2","2","0","0","0","0","0","0","0","0","0","12","12","12","12","12","38","0","0","0","0","0","0","0","0","10/02/19 15:00:55","no","Matching Tasks","yes","","no","OrientationCrossLanguages_2018PSA_PP_1.2.4.osexp","C:\Users\User\Desktop\PSA","no","chinese-japanese-korean","no","18","no","#0000ff","no","Magyar","yes","768","yes","legacy","38","38","3","5","PP-12.csv","legacy","no","Kafkaesque Koffka","3.2.4","yes","5a7ce671e83246000deafe81","no","0","0","f","space","NA","f","NA","NA","space","NA","NA","NA","NA","NA","f","NA","NA","space","NA","NA","NA","NA","NA","572","1465","NA","572","NA","NA","2668","NA","NA","NA","NA","NA","781","NA","NA","11449","NA","NA","NA","NA","NA","2","legacy","no","1024","2","48000","-16","EXP","12","even","no","no","NA","52397","1438","1439","50058","52383","52383","139376","NA","95343","167012","90829","63862","92659","167515","167010","52398","95343","167516","168091","NA","NA","63862","92615","81900","90827","81900","81900","63862","NA","NA","92662","NA","NA","NA","NA","NA","91331","91332","92115","75875","81364","168591","NA","NA","52400","NA","NA","NA","NA","NA","Orientation_PSA2018","15","10561","15","yes","1024"
"N","6447","H","V","PP_LIST1.csv","keyH.jpg","keyV.jpg","100","100","732.1875","732.1875","#ffffff","yes","legacy","legacy","legacy","0","uniform","1","1","undefined","1","undefined","6","j","0","0","0","0","0","0","0","0","39","0","39","12","0","0","39","39","0","0","39","39","39","39","0","12","2","12","2","2","0","0","0","0","0","0","0","0","0","12","12","12","12","12","39","0","0","0","0","0","0","0","0","10/02/19 15:00:55","no","Matching Tasks","yes","","no","OrientationCrossLanguages_2018PSA_PP_1.2.4.osexp","C:\Users\User\Desktop\PSA","no","chinese-japanese-korean","no","18","no","#0000ff","no","Magyar","yes","768","yes","legacy","39","39","3","5","PP-12.csv","legacy","no","Kafkaesque Koffka","3.2.4","yes","5a7ce671e83246000deafe81","no","0","0","j","space","NA","j","NA","NA","space","NA","NA","NA","NA","NA","f","NA","NA","space","NA","NA","NA","NA","NA","1154","1465","NA","1154","NA","NA","2668","NA","NA","NA","NA","NA","781","NA","NA","11449","NA","NA","NA","NA","NA","2","legacy","no","1024","2","48000","-16","EXP","12","even","no","no","NA","52397","1438","1439","50058","52383","52383","139376","NA","95343","168728","90829","63862","92659","169230","168726","52398","95343","169231","170387","NA","NA","63862","92615","81900","90827","81900","81900","63862","NA","NA","92662","NA","NA","NA","NA","NA","91331","91332","92115","75875","81364","170887","NA","NA","52400","NA","NA","NA","NA","NA","Orientation_PSA2018","16","11715","16","yes","1024"
"N","6447","H","V","PP_LIST1.csv","nailH.jpg","nailV.jpg","100","100","726.117647059","726.117647059","#ffffff","yes","legacy","legacy","legacy","0","uniform","1","1","undefined","1","undefined","6","j","0","0","0","0","0","0","0","0","40","0","40","12","0","0","40","40","0","0","40","40","40","40","0","12","2","12","2","2","0","0","0","0","0","0","0","0","0","12","12","12","12","12","40","0","0","0","0","0","0","0","0","10/02/19 15:00:55","no","Matching Tasks","yes","","no","OrientationCrossLanguages_2018PSA_PP_1.2.4.osexp","C:\Users\User\Desktop\PSA","no","chinese-japanese-korean","no","18","no","#0000ff","no","Magyar","yes","768","yes","legacy","40","40","3","5","PP-12.csv","legacy","no","Kafkaesque Koffka","3.2.4","yes","5a7ce671e83246000deafe81","no","0","0","j","space","NA","j","NA","NA","space","NA","NA","NA","NA","NA","f","NA","NA","space","NA","NA","NA","NA","NA","629","1465","NA","629","NA","NA","2668","NA","NA","NA","NA","NA","781","NA","NA","11449","NA","NA","NA","NA","NA","2","legacy","no","1024","2","48000","-16","EXP","12","even","no","no","NA","52397","1438","1439","50058","52383","52383","139376","NA","95343","171036","90829","63862","92659","171538","171034","52398","95343","171539","172171","NA","NA","63862","92615","81900","90827","81900","81900","63862","NA","NA","92662","NA","NA","NA","NA","NA","91331","91332","92115","75875","81364","172671","NA","NA","52400","NA","NA","NA","NA","NA","Orientation_PSA2018","17","12344","17","yes","1024"
"F","6447","F","F","PP_LIST1.csv","trmpet.jpg","tapedispenser.jpg","100","100","725.444444444","725.444444444","#ffffff","yes","legacy","legacy","legacy","0","uniform","1","1","undefined","1","undefined","6","f","0","0","0","0","0","0","0","0","41","0","41","12","0","0","41","41","0","0","41","41","41","41","0","12","2","12","2","2","0","0","0","0","0","0","0","0","0","12","12","12","12","12","41","0","0","0","0","0","0","0","0","10/02/19 15:00:55","no","Matching Tasks","yes","","no","OrientationCrossLanguages_2018PSA_PP_1.2.4.osexp","C:\Users\User\Desktop\PSA","no","chinese-japanese-korean","no","18","no","#0000ff","no","Magyar","yes","768","yes","legacy","41","41","3","5","PP-12.csv","legacy","no","Kafkaesque Koffka","3.2.4","yes","5a7ce671e83246000deafe81","no","0","0","f","space","NA","f","NA","NA","space","NA","NA","NA","NA","NA","f","NA","NA","space","NA","NA","NA","NA","NA","714","1465","NA","714","NA","NA","2668","NA","NA","NA","NA","NA","781","NA","NA","11449","NA","NA","NA","NA","NA","2","legacy","no","1024","2","48000","-16","EXP","12","even","no","no","NA","52397","1438","1439","50058","52383","52383","139376","NA","95343","172808","90829","63862","92659","173310","172806","52398","95343","173311","174027","NA","NA","63862","92615","81900","90827","81900","81900","63862","NA","NA","92662","NA","NA","NA","NA","NA","91331","91332","92115","75875","81364","174527","NA","NA","52400","NA","NA","NA","NA","NA","Orientation_PSA2018","18","13058","18","yes","1024"
"N","6447","V","H","PP_LIST1.csv","saltV.jpg","saltH.jpg","100","100","718.368421053","718.368421053","#ffffff","yes","legacy","legacy","legacy","0","uniform","1","1","undefined","1","undefined","6","j","0","0","0","0","0","0","0","0","42","0","42","12","0","0","42","42","0","0","42","42","42","42","0","12","2","12","2","2","0","0","0","0","0","0","0","0","0","12","12","12","12","12","42","0","0","0","0","0","0","0","0","10/02/19 15:00:55","no","Matching Tasks","yes","","no","OrientationCrossLanguages_2018PSA_PP_1.2.4.osexp","C:\Users\User\Desktop\PSA","no","chinese-japanese-korean","no","18","no","#0000ff","no","Magyar","yes","768","yes","legacy","42","42","3","5","PP-12.csv","legacy","no","Kafkaesque Koffka","3.2.4","yes","5a7ce671e83246000deafe81","no","0","0","j","space","NA","j","NA","NA","space","NA","NA","NA","NA","NA","f","NA","NA","space","NA","NA","NA","NA","NA","591","1465","NA","591","NA","NA","2668","NA","NA","NA","NA","NA","781","NA","NA","11449","NA","NA","NA","NA","NA","2","legacy","no","1024","2","48000","-16","EXP","12","even","no","no","NA","52397","1438","1439","50058","52383","52383","139376","NA","95343","174691","90829","63862","92659","175193","174689","52398","95343","175194","175787","NA","NA","63862","92615","81900","90827","81900","81900","63862","NA","NA","92662","NA","NA","NA","NA","NA","91331","91332","92115","75875","81364","176287","NA","NA","52400","NA","NA","NA","NA","NA","Orientation_PSA2018","19","13649","19","yes","1024"
"F","6447","F","F","PP_LIST1.csv","stove.jpg","ftball.jpg","100","100","735.25","735.25","#ffffff","yes","legacy","legacy","legacy","0","uniform","1","1","undefined","1","undefined","6","f","0","0","0","0","0","0","0","0","43","0","43","12","0","0","43","43","0","0","43","43","43","43","0","12","2","12","2","2","0","0","0","0","0","0","0","0","0","12","12","12","12","12","43","0","0","0","0","0","0","0","0","10/02/19 15:00:55","no","Matching Tasks","yes","","no","OrientationCrossLanguages_2018PSA_PP_1.2.4.osexp","C:\Users\User\Desktop\PSA","no","chinese-japanese-korean","no","18","no","#0000ff","no","Magyar","yes","768","yes","legacy","43","43","3","5","PP-12.csv","legacy","no","Kafkaesque Koffka","3.2.4","yes","5a7ce671e83246000deafe81","no","0","0","f","space","NA","f","NA","NA","space","NA","NA","NA","NA","NA","f","NA","NA","space","NA","NA","NA","NA","NA","1056","1465","NA","1056","NA","NA","2668","NA","NA","NA","NA","NA","781","NA","NA","11449","NA","NA","NA","NA","NA","2","legacy","no","1024","2","48000","-16","EXP","12","even","no","no","NA","52397","1438","1439","50058","52383","52383","139376","NA","95343","176434","90829","63862","92659","176936","176432","52398","95343","176937","177995","NA","NA","63862","92615","81900","90827","81900","81900","63862","NA","NA","92662","NA","NA","NA","NA","NA","91331","91332","92115","75875","81364","178495","NA","NA","52400","NA","NA","NA","NA","NA","Orientation_PSA2018","20","14705","20","yes","1024"
"Y","6447","H","H","PP_LIST1.csv","broomH.jpg","broomH.jpg","95.2380952381","95.2380952381","732.571428571","732.571428571","#ffffff","yes","legacy","legacy","legacy","0","uniform","0","0","undefined","1","undefined","6","j","0","0","0","0","0","0","0","0","44","0","44","12","0","0","44","44","0","0","44","44","44","44","0","12","2","12","2","2","0","0","0","0","0","0","0","0","0","12","12","12","12","12","44","0","0","0","0","0","0","0","0","10/02/19 15:00:55","no","Matching Tasks","yes","","no","OrientationCrossLanguages_2018PSA_PP_1.2.4.osexp","C:\Users\User\Desktop\PSA","no","chinese-japanese-korean","no","18","no","#0000ff","no","Magyar","yes","768","yes","legacy","44","44","3","5","PP-12.csv","legacy","no","Kafkaesque Koffka","3.2.4","yes","5a7ce671e83246000deafe81","no","0","0","f","space","NA","f","NA","NA","space","NA","NA","NA","NA","NA","f","NA","NA","space","NA","NA","NA","NA","NA","679","1465","NA","679","NA","NA","2668","NA","NA","NA","NA","NA","781","NA","NA","11449","NA","NA","NA","NA","NA","2","legacy","no","1024","2","48000","-16","EXP","12","even","no","no","NA","52397","1438","1439","50058","52383","52383","139376","NA","95343","178650","90829","63862","92659","179152","178648","52398","95343","179153","177995","NA","179835","63862","92615","81900","90827","81900","81900","63862","NA","NA","92662","NA","NA","NA","NA","NA","91331","91332","92115","75875","81364","180335","NA","NA","52400","NA","NA","NA","NA","NA","Orientation_PSA2018","20","15384","21","yes","1024"
"F","6447","F","F","PP_LIST1.csv","knife.jpg","ladder.jpg","95.4545454545","95.4545454545","733","733","#ffffff","yes","legacy","legacy","legacy","0","uniform","1","1","undefined","1","undefined","6","f","0","0","0","0","0","0","0","0","45","0","45","12","0","0","45","45","0","0","45","45","45","45","0","12","2","12","2","2","0","0","0","0","0","0","0","0","0","12","12","12","12","12","45","0","0","0","0","0","0","0","0","10/02/19 15:00:55","no","Matching Tasks","yes","","no","OrientationCrossLanguages_2018PSA_PP_1.2.4.osexp","C:\Users\User\Desktop\PSA","no","chinese-japanese-korean","no","18","no","#0000ff","no","Magyar","yes","768","yes","legacy","45","45","3","5","PP-12.csv","legacy","no","Kafkaesque Koffka","3.2.4","yes","5a7ce671e83246000deafe81","no","0","0","f","space","NA","f","NA","NA","space","NA","NA","NA","NA","NA","f","NA","NA","space","NA","NA","NA","NA","NA","742","1465","NA","742","NA","NA","2668","NA","NA","NA","NA","NA","781","NA","NA","11449","NA","NA","NA","NA","NA","2","legacy","no","1024","2","48000","-16","EXP","12","even","no","no","NA","52397","1438","1439","50058","52383","52383","139376","NA","95343","180484","90829","63862","92659","180986","180482","52398","95343","180987","181731","NA","179835","63862","92615","81900","90827","81900","81900","63862","NA","NA","92662","NA","NA","NA","NA","NA","91331","91332","92115","75875","81364","182231","NA","NA","52400","NA","NA","NA","NA","NA","Orientation_PSA2018","21","16126","22","yes","1024"
"Y","6447","V","V","PP_LIST1.csv","fire_extinguisherV.jpg","fire_extinguisherV.jpg","95.652173913","95.652173913","740.869565217","740.869565217","#ffffff","yes","legacy","legacy","legacy","0","uniform","1","1","undefined","1","undefined","6","j","0","0","0","0","0","0","0","0","46","0","46","12","0","0","46","46","0","0","46","46","46","46","0","12","2","12","2","2","0","0","0","0","0","0","0","0","0","12","12","12","12","12","46","0","0","0","0","0","0","0","0","10/02/19 15:00:55","no","Matching Tasks","yes","","no","OrientationCrossLanguages_2018PSA_PP_1.2.4.osexp","C:\Users\User\Desktop\PSA","no","chinese-japanese-korean","no","18","no","#0000ff","no","Magyar","yes","768","yes","legacy","46","46","3","5","PP-12.csv","legacy","no","Kafkaesque Koffka","3.2.4","yes","5a7ce671e83246000deafe81","no","0","0","j","space","NA","j","NA","NA","space","NA","NA","NA","NA","NA","f","NA","NA","space","NA","NA","NA","NA","NA","914","1465","NA","914","NA","NA","2668","NA","NA","NA","NA","NA","781","NA","NA","11449","NA","NA","NA","NA","NA","2","legacy","no","1024","2","48000","-16","EXP","12","even","no","no","NA","52397","1438","1439","50058","52383","52383","139376","NA","95343","182391","90829","63862","92659","182893","182389","52398","95343","182894","183811","NA","179835","63862","92615","81900","90827","81900","81900","63862","NA","NA","92662","NA","NA","NA","NA","NA","91331","91332","92115","75875","81364","184311","NA","NA","52400","NA","NA","NA","NA","NA","Orientation_PSA2018","22","17040","23","yes","1024"
"Y","6447","V","V","PP_LIST1.csv","caterpillarV.jpg","caterpillarV.jpg","95.8333333333","95.8333333333","748.5","748.5","#ffffff","yes","legacy","legacy","legacy","0","uniform","1","1","undefined","1","undefined","6","j","0","0","0","0","0","0","0","0","47","0","47","12","0","0","47","47","0","0","47","47","47","47","0","12","2","12","2","2","0","0","0","0","0","0","0","0","0","12","12","12","12","12","47","0","0","0","0","0","0","0","0","10/02/19 15:00:55","no","Matching Tasks","yes","","no","OrientationCrossLanguages_2018PSA_PP_1.2.4.osexp","C:\Users\User\Desktop\PSA","no","chinese-japanese-korean","no","18","no","#0000ff","no","Magyar","yes","768","yes","legacy","47","47","3","5","PP-12.csv","legacy","no","Kafkaesque Koffka","3.2.4","yes","5a7ce671e83246000deafe81","no","0","0","j","space","NA","j","NA","NA","space","NA","NA","NA","NA","NA","f","NA","NA","space","NA","NA","NA","NA","NA","924","1465","NA","924","NA","NA","2668","NA","NA","NA","NA","NA","781","NA","NA","11449","NA","NA","NA","NA","NA","2","legacy","no","1024","2","48000","-16","EXP","12","even","no","no","NA","52397","1438","1439","50058","52383","52383","139376","NA","95343","184477","90829","63862","92659","184979","184475","52398","95343","184980","185907","NA","179835","63862","92615","81900","90827","81900","81900","63862","NA","NA","92662","NA","NA","NA","NA","NA","91331","91332","92115","75875","81364","186407","NA","NA","52400","NA","NA","NA","NA","NA","Orientation_PSA2018","23","17964","24","yes","1024"
