"LAB_SEED","List","Match","Orientation","PList","Probe","Target","Task","acc","accuracy","alt_task","average_response_time","avg_rt","background","bidi","canvas_backend","clock_backend","color_backend","compensation","coordinates","correct","correct_Instruction_E","correct_Probe_Prac_response","correct_Probe_response","correct_Probe_sti_response","correct_Start_E","correct_Target_response","correct_Target_response_Prac","correct_Welcome_E","correct_count","correct_response","count_Check_This","count_Disable_Mouse","count_EXP","count_First_Fixation","count_First_Fixation_Prac","count_Instruction_DE","count_Instruction_E","count_Instruction_HUN","count_Instruction_NOB","count_Instruction_PL","count_Instruction_SC","count_Instruction_TC","count_LAB_SEED","count_Language_Selection","count_List_Select_DE","count_List_Select_E","count_List_Select_HUN","count_List_Select_NOB","count_List_Select_PL","count_List_Select_SC","count_List_Select_TC","count_List_Selection","count_Memory_loop","count_Memory_sequence","count_Prac","count_Prac_Count","count_Prac_Reset","count_Prac_Trial","count_Prac_loop","count_Prac_seq","count_Prac_setup","count_Probe","count_Probe_Collect","count_Probe_Prac","count_Probe_Prac_response","count_Probe_import","count_Probe_response","count_Probe_sti","count_Probe_sti_correct","count_Probe_sti_response","count_Probe_sti_wrong","count_STUDY_order","count_Second_Fixation","count_Second_Fixation_Prac","count_Start_DE","count_Start_E","count_Start_HUN","count_Start_NOB","count_Start_PL","count_Start_SC","count_Start_TC","count_Target","count_Target_Prac","count_Target_response","count_Target_response_Prac","count_Target_response_correct","count_Target_response_correct_Prac","count_Target_response_noans","count_Target_response_noans_Prac","count_Target_response_wrong","count_Target_response_wrong_Prac","count_Trial_logger","count_Verification_Break","count_Verification_End","count_Verification_Exp","count_Verification_Prac","count_Verification_Start","count_Verification_Trial","count_Verification_Welcome","count_Verification_loop","count_Welcom_SC","count_Welcom_TC","count_Welcome_DE","count_Welcome_E","count_Welcome_HUN","count_Welcome_NOB","count_Welcome_PL","count_presetup","datetime","de","description","disable_garbage_collection","empty_column","en","experiment_file","experiment_path","font_bold","font_family","font_italic","font_size","font_underline","foreground","form_clicks","form_response","fullscreen","height","hun","keyboard_backend","live_row","live_row_Prac","live_row_Prac_loop","live_row_Verification_loop","logfile","mouse_backend","nor","opensesame_codename","opensesame_version","pol","rectarget","repeat_cycle","reset_loop","response","response_Instruction_DE","response_Instruction_E","response_Instruction_HUN","response_Instruction_NOB","response_Instruction_PL","response_Instruction_SC","response_Instruction_TC","response_Probe_Prac_response","response_Probe_response","response_Probe_sti_response","response_Start_DE","response_Start_E","response_Start_HUN","response_Start_NOB","response_Start_PL","response_Start_SC","response_Start_TC","response_Target_response","response_Target_response_Prac","response_Verification_Break","response_Verification_End","response_Welcom_SC","response_Welcom_TC","response_Welcome_DE","response_Welcome_E","response_Welcome_HUN","response_Welcome_NOB","response_Welcome_PL","response_time","response_time_Instruction_DE","response_time_Instruction_E","response_time_Instruction_HUN","response_time_Instruction_NOB","response_time_Instruction_PL","response_time_Instruction_SC","response_time_Instruction_TC","response_time_Probe_Prac_response","response_time_Probe_response","response_time_Probe_sti_response","response_time_Start_DE","response_time_Start_E","response_time_Start_HUN","response_time_Start_NOB","response_time_Start_PL","response_time_Start_SC","response_time_Start_TC","response_time_Target_response","response_time_Target_response_Prac","response_time_Verification_Break","response_time_Verification_End","response_time_Welcom_SC","response_time_Welcom_TC","response_time_Welcome_DE","response_time_Welcome_E","response_time_Welcome_HUN","response_time_Welcome_NOB","response_time_Welcome_PL","round_decimals","sampler_backend","sc","sound_buf_size","sound_channels","sound_freq","sound_sample_size","start","subject_nr","subject_parity","task_order","tc","time_Check_This","time_Disable_Mouse","time_EXP","time_First_Fixation","time_First_Fixation_Prac","time_Instruction_DE","time_Instruction_E","time_Instruction_HUN","time_Instruction_NOB","time_Instruction_PL","time_Instruction_SC","time_Instruction_TC","time_LAB_SEED","time_Language_Selection","time_List_Select_DE","time_List_Select_E","time_List_Select_HUN","time_List_Select_NOB","time_List_Select_PL","time_List_Select_SC","time_List_Select_TC","time_List_Selection","time_Memory_loop","time_Memory_sequence","time_Prac","time_Prac_Count","time_Prac_Reset","time_Prac_Trial","time_Prac_loop","time_Prac_seq","time_Prac_setup","time_Probe","time_Probe_Collect","time_Probe_Prac","time_Probe_Prac_response","time_Probe_import","time_Probe_response","time_Probe_sti","time_Probe_sti_correct","time_Probe_sti_response","time_Probe_sti_wrong","time_STUDY_order","time_Second_Fixation","time_Second_Fixation_Prac","time_Start_DE","time_Start_E","time_Start_HUN","time_Start_NOB","time_Start_PL","time_Start_SC","time_Start_TC","time_Target","time_Target_Prac","time_Target_response","time_Target_response_Prac","time_Target_response_correct","time_Target_response_correct_Prac","time_Target_response_noans","time_Target_response_noans_Prac","time_Target_response_wrong","time_Target_response_wrong_Prac","time_Trial_logger","time_Verification_Break","time_Verification_End","time_Verification_Exp","time_Verification_Prac","time_Verification_Start","time_Verification_Trial","time_Verification_Welcome","time_Verification_loop","time_Welcom_SC","time_Welcom_TC","time_Welcome_DE","time_Welcome_E","time_Welcome_HUN","time_Welcome_NOB","time_Welcome_PL","time_presetup","title","total_correct","total_response_time","total_responses","uniform_coordinates","width"
"5186","ENG_LIST4.csv","F","F","ENG_Prac1.csv","The mechanic replaced the tires on the vintage automobile.","glass.jpg","V","41.6666666667","41.6666666667","[5, 11, 14, 18, 21, 26, 30, 33, 37, 43, 47]","3240.79166667","3240.79166667","#ffffff","yes","legacy","legacy","legacy","0","uniform","1","undefined","0","0","NA","undefined","1","1","undefined","6","f","0","0","0","0","10","0","0","0","0","0","0","0","0","0","0","0","0","0","0","0","0","0","0","NA","0","10","2","10","2","2","0","0","0","10","10","NA","0","NA","NA","NA","NA","0","0","10","0","0","0","0","0","0","0","0","10","0","10","0","10","0","10","0","10","0","NA","0","0","0","0","0","0","0","0","0","0","0","0","0","0","0","10/02/19 12:47:22","no","Matching Tasks","yes","","yes","OrientationCrossLanguages_2018PSA_SP_1.2.4.osexp","C:/Users/user/Documents/PSA scripts - Alicia","no","chinese-japanese-korean","no","18","no","#0000ff","no","English","yes","768","no","legacy","0","3","5","0","C:/Users/user/Documents/PSA scripts - Alicia/Participant Data/MYS_004_SP_96.csv","legacy","no","Kafkaesque Koffka","3.2.8","no","NA","0","0","f","NA","space","NA","NA","NA","NA","NA","space","space","NA","NA","space","NA","NA","NA","NA","NA","f","f","NA","NA","NA","NA","NA","space","NA","NA","NA","575","NA","35189","NA","NA","NA","NA","NA","4629","5739","NA","NA","16899","NA","NA","NA","NA","NA","575","721","NA","NA","NA","NA","NA","104010","NA","NA","NA","2","legacy","no","1024","2","48000","-16","EXP","96","even","Yes","no","NA","27180","2823","278515","254110","NA","131194","NA","NA","NA","NA","NA","2824","26401","NA","27169","NA","NA","NA","NA","NA","27169","NA","NA","166393","261469","221208","254108","221208","221208","166393","279516","279516","255113","255114","NA","279516","NA","NA","NA","NA","NA","285257","259745","NA","261500","NA","NA","NA","NA","NA","285760","260246","285760","260246","286337","260969","NA","182921","NA","220681","286837","NA","NA","278410","166393","261498","278513","27180","278410","NA","NA","NA","27182","NA","NA","NA","278410","Orientation_PSA2018","10","77779","24","yes","1024"
"5186","ENG_LIST4.csv","N","H","ENG_Prac1.csv","Frank pressed the iron onto his pants, hoping he wouldn't be late.","ironV.jpg","V","42.3076923077","42.3076923077","[5, 11, 14, 18, 21, 26, 30, 33, 37, 43, 47]","3161","3161","#ffffff","yes","legacy","legacy","legacy","0","uniform","1","undefined","0","0","NA","undefined","1","1","undefined","6","j","0","0","0","1","10","0","0","0","0","0","0","0","0","0","0","0","0","0","0","0","0","0","1","NA","0","10","2","10","2","2","0","1","1","10","10","NA","1","NA","NA","NA","NA","0","1","10","0","0","0","0","0","0","0","1","10","1","10","1","10","1","10","1","10","1","NA","1","0","0","0","1","0","0","0","0","0","0","0","0","0","0","10/02/19 12:47:22","no","Matching Tasks","yes","","yes","OrientationCrossLanguages_2018PSA_SP_1.2.4.osexp","C:/Users/user/Documents/PSA scripts - Alicia","no","chinese-japanese-korean","no","18","no","#0000ff","no","English","yes","768","no","legacy","1","3","5","1","C:/Users/user/Documents/PSA scripts - Alicia/Participant Data/MYS_004_SP_96.csv","legacy","no","Kafkaesque Koffka","3.2.8","no","NA","0","0","j","NA","space","NA","NA","NA","NA","NA","space","space","NA","NA","space","NA","NA","NA","NA","NA","j","f","NA","NA","NA","NA","NA","space","NA","NA","NA","463","NA","35189","NA","NA","NA","NA","NA","4629","3944","NA","NA","16899","NA","NA","NA","NA","NA","463","721","NA","NA","NA","NA","NA","104010","NA","NA","NA","2","legacy","no","1024","2","48000","-16","EXP","96","even","Yes","no","NA","27180","2823","287004","254110","NA","131194","NA","NA","NA","NA","NA","2824","26401","NA","27169","NA","NA","NA","NA","NA","27169","NA","NA","166393","261469","221208","254108","221208","221208","166393","288007","288007","255113","255114","NA","288008","NA","NA","NA","NA","NA","291953","259745","NA","261500","NA","NA","NA","NA","NA","292456","260246","292456","260246","292922","260969","NA","182921","NA","220681","293422","NA","NA","278410","166393","261498","287002","27180","278410","NA","NA","NA","27182","NA","NA","NA","278410","Orientation_PSA2018","11","82186","26","yes","1024"
"5186","ENG_LIST4.csv","F","F","ENG_Prac1.csv","George put his cell phone in the pocket of his trench coat.","ring.jpg","V","42.8571428571","42.8571428571","[5, 11, 14, 18, 21, 26, 30, 33, 37, 43, 47]","3131.07142857","3131.07142857","#ffffff","yes","legacy","legacy","legacy","0","uniform","1","undefined","0","0","NA","undefined","1","1","undefined","6","f","0","0","0","2","10","0","0","0","0","0","0","0","0","0","0","0","0","0","0","0","0","0","2","NA","0","10","2","10","2","2","0","2","2","10","10","NA","2","NA","NA","NA","NA","0","2","10","0","0","0","0","0","0","0","2","10","2","10","2","10","2","10","2","10","2","NA","2","0","0","0","2","0","0","0","0","0","0","0","0","0","0","10/02/19 12:47:22","no","Matching Tasks","yes","","yes","OrientationCrossLanguages_2018PSA_SP_1.2.4.osexp","C:/Users/user/Documents/PSA scripts - Alicia","no","chinese-japanese-korean","no","18","no","#0000ff","no","English","yes","768","no","legacy","2","3","5","2","C:/Users/user/Documents/PSA scripts - Alicia/Participant Data/MYS_004_SP_96.csv","legacy","no","Kafkaesque Koffka","3.2.8","no","NA","0","0","f","NA","space","NA","NA","NA","NA","NA","space","space","NA","NA","space","NA","NA","NA","NA","NA","f","f","NA","NA","NA","NA","NA","space","NA","NA","NA","681","NA","35189","NA","NA","NA","NA","NA","4629","4803","NA","NA","16899","NA","NA","NA","NA","NA","681","721","NA","NA","NA","NA","NA","104010","NA","NA","NA","2","legacy","no","1024","2","48000","-16","EXP","96","even","Yes","no","NA","27180","2823","293554","254110","NA","131194","NA","NA","NA","NA","NA","2824","26401","NA","27169","NA","NA","NA","NA","NA","27169","NA","NA","166393","261469","221208","254108","221208","221208","166393","294555","294555","255113","255114","NA","294556","NA","NA","NA","NA","NA","299361","259745","NA","261500","NA","NA","NA","NA","NA","299862","260246","299862","260246","300546","260969","NA","182921","NA","220681","301046","NA","NA","278410","166393","261498","293552","27180","278410","NA","NA","NA","27182","NA","NA","NA","278410","Orientation_PSA2018","12","87670","28","yes","1024"
"5186","ENG_LIST4.csv","N","V","ENG_Prac1.csv","James placed the bowl into an open slot in the dishwasher.","bowlH.jpg","V","43.3333333333","43.3333333333","[5, 11, 14, 18, 21, 26, 30, 33, 37, 43, 47]","3075.66666667","3075.66666667","#ffffff","yes","legacy","legacy","legacy","0","uniform","1","undefined","0","0","NA","undefined","1","1","undefined","6","j","0","0","0","3","10","0","0","0","0","0","0","0","0","0","0","0","0","0","0","0","0","0","3","NA","0","10","2","10","2","2","0","3","3","10","10","NA","3","NA","NA","NA","NA","0","3","10","0","0","0","0","0","0","0","3","10","3","10","3","10","3","10","3","10","3","NA","3","0","0","0","3","0","0","0","0","0","0","0","0","0","0","10/02/19 12:47:22","no","Matching Tasks","yes","","yes","OrientationCrossLanguages_2018PSA_SP_1.2.4.osexp","C:/Users/user/Documents/PSA scripts - Alicia","no","chinese-japanese-korean","no","18","no","#0000ff","no","English","yes","768","no","legacy","3","3","5","3","C:/Users/user/Documents/PSA scripts - Alicia/Participant Data/MYS_004_SP_96.csv","legacy","no","Kafkaesque Koffka","3.2.8","no","NA","0","0","j","NA","space","NA","NA","NA","NA","NA","space","space","NA","NA","space","NA","NA","NA","NA","NA","j","f","NA","NA","NA","NA","NA","space","NA","NA","NA","409","NA","35189","NA","NA","NA","NA","NA","4629","4191","NA","NA","16899","NA","NA","NA","NA","NA","409","721","NA","NA","NA","NA","NA","104010","NA","NA","NA","2","legacy","no","1024","2","48000","-16","EXP","96","even","Yes","no","NA","27180","2823","301175","254110","NA","131194","NA","NA","NA","NA","NA","2824","26401","NA","27169","NA","NA","NA","NA","NA","27169","NA","NA","166393","261469","221208","254108","221208","221208","166393","302176","302176","255113","255114","NA","302176","NA","NA","NA","NA","NA","306369","259745","NA","261500","NA","NA","NA","NA","NA","306870","260246","306871","260246","307281","260969","NA","182921","NA","220681","307781","NA","NA","278410","166393","261498","301173","27180","278410","NA","NA","NA","27182","NA","NA","NA","278410","Orientation_PSA2018","13","92270","30","yes","1024"
"5186","ENG_LIST4.csv","Y","V","ENG_Prac1.csv","The caterpillar inched along the lamp post.","caterpillarV.jpg","V","43.75","43.75","[5, 11, 14, 18, 21, 26, 30, 33, 37, 43, 47]","3003.28125","3003.28125","#ffffff","yes","legacy","legacy","legacy","0","uniform","1","undefined","0","0","NA","undefined","1","1","undefined","6","j","0","0","0","4","10","0","0","0","0","0","0","0","0","0","0","0","0","0","0","0","0","0","4","NA","0","10","2","10","2","2","0","4","4","10","10","NA","4","NA","NA","NA","NA","0","4","10","0","0","0","0","0","0","0","4","10","4","10","4","10","4","10","4","10","4","NA","4","0","0","0","4","0","0","0","0","0","0","0","0","0","0","10/02/19 12:47:22","no","Matching Tasks","yes","","yes","OrientationCrossLanguages_2018PSA_SP_1.2.4.osexp","C:/Users/user/Documents/PSA scripts - Alicia","no","chinese-japanese-korean","no","18","no","#0000ff","no","English","yes","768","no","legacy","4","3","5","4","C:/Users/user/Documents/PSA scripts - Alicia/Participant Data/MYS_004_SP_96.csv","legacy","no","Kafkaesque Koffka","3.2.8","no","NA","0","0","j","NA","space","NA","NA","NA","NA","NA","space","space","NA","NA","space","NA","NA","NA","NA","NA","j","f","NA","NA","NA","NA","NA","space","NA","NA","NA","623","NA","35189","NA","NA","NA","NA","NA","4629","3212","NA","NA","16899","NA","NA","NA","NA","NA","623","721","NA","NA","NA","NA","NA","104010","NA","NA","NA","2","legacy","no","1024","2","48000","-16","EXP","96","even","Yes","no","NA","27180","2823","307914","254110","NA","131194","NA","NA","NA","NA","NA","2824","26401","NA","27169","NA","NA","NA","NA","NA","27169","NA","NA","166393","261469","221208","254108","221208","221208","166393","308915","308915","255113","255114","NA","308915","NA","NA","NA","NA","NA","312129","259745","NA","261500","NA","NA","NA","NA","NA","312632","260246","312632","260246","313257","260969","NA","182921","NA","220681","313757","NA","NA","278410","166393","261498","307912","27180","278410","NA","NA","NA","27182","NA","NA","NA","278410","Orientation_PSA2018","14","96105","32","yes","1024"
"5186","ENG_LIST4.csv","F","F","ENG_Prac1.csv","The bartender poured another scotch for the salesman.","piano.jpg","V","44.1176470588","44.1176470588","[5, 11, 14, 18, 21, 26, 30, 33, 37, 43, 47]","2966.38235294","2966.38235294","#ffffff","yes","legacy","legacy","legacy","0","uniform","1","undefined","0","0","NA","undefined","1","1","undefined","6","f","0","0","0","5","10","0","0","0","0","0","0","0","0","0","0","0","0","0","0","0","0","0","5","NA","0","10","2","10","2","2","0","5","5","10","10","NA","5","NA","NA","NA","NA","0","5","10","0","0","0","0","0","0","0","5","10","5","10","5","10","5","10","5","10","5","NA","5","0","0","0","5","0","0","0","0","0","0","0","0","0","0","10/02/19 12:47:22","no","Matching Tasks","yes","","yes","OrientationCrossLanguages_2018PSA_SP_1.2.4.osexp","C:/Users/user/Documents/PSA scripts - Alicia","no","chinese-japanese-korean","no","18","no","#0000ff","no","English","yes","768","no","legacy","5","3","5","5","C:/Users/user/Documents/PSA scripts - Alicia/Participant Data/MYS_004_SP_96.csv","legacy","no","Kafkaesque Koffka","3.2.8","no","NA","0","0","f","NA","space","NA","NA","NA","NA","NA","space","space","NA","NA","space","NA","NA","NA","NA","NA","f","f","NA","NA","NA","NA","NA","space","NA","NA","NA","576","NA","35189","NA","NA","NA","NA","NA","4629","4176","NA","NA","16899","NA","NA","NA","NA","NA","576","721","NA","NA","NA","NA","NA","104010","NA","NA","NA","2","legacy","no","1024","2","48000","-16","EXP","96","even","Yes","no","NA","27180","2823","313908","254110","NA","131194","NA","NA","NA","NA","NA","2824","26401","NA","27169","NA","NA","NA","NA","NA","27169","NA","NA","166393","261469","221208","254108","221208","221208","166393","314911","314912","255113","255114","NA","314912","NA","NA","NA","NA","NA","319089","259745","NA","261500","NA","NA","NA","NA","NA","319591","260246","319591","260246","320169","260969","NA","182921","NA","220681","320669","NA","NA","278410","166393","261498","313907","27180","278410","NA","NA","NA","27182","NA","NA","NA","278410","Orientation_PSA2018","15","100857","34","yes","1024"
"5186","ENG_LIST4.csv","F","F","ENG_Prac1.csv","The bartender poured another scotch for the salesman.","piano.jpg","M","45.7142857143","45.7142857143","[5, 11, 14, 18, 21, 26, 30, 33, 37, 43, 47]","2978.94285714","2978.94285714","#ffffff","yes","legacy","legacy","legacy","0","uniform","1","undefined","0","0","1","undefined","1","1","undefined","6","j","0","0","0","5","10","0","0","0","0","0","0","0","0","0","0","0","0","0","0","0","0","0","5","0","0","10","2","10","2","2","0","5","5","10","10","0","5","0","0","0","0","0","5","10","0","0","0","0","0","0","0","5","10","5","10","5","10","5","10","5","10","6","NA","5","0","0","0","5","0","0","0","0","0","0","0","0","0","0","10/02/19 12:47:22","no","Matching Tasks","yes","","yes","OrientationCrossLanguages_2018PSA_SP_1.2.4.osexp","C:/Users/user/Documents/PSA scripts - Alicia","no","chinese-japanese-korean","no","18","no","#0000ff","no","English","yes","768","no","legacy","0","3","5","5","C:/Users/user/Documents/PSA scripts - Alicia/Participant Data/MYS_004_SP_96.csv","legacy","no","Kafkaesque Koffka","3.2.8","no","The caterpillar inched along the lamp post.","0","0","j","NA","space","NA","NA","NA","NA","NA","space","space","j","NA","space","NA","NA","NA","NA","NA","f","f","NA","NA","NA","NA","NA","space","NA","NA","NA","3406","NA","35189","NA","NA","NA","NA","NA","4629","4176","3406","NA","16899","NA","NA","NA","NA","NA","576","721","NA","NA","NA","NA","NA","104010","NA","NA","NA","2","legacy","no","1024","2","48000","-16","EXP","96","even","Yes","no","NA","27180","2823","313908","254110","NA","131194","NA","NA","NA","NA","NA","2824","26401","NA","27169","NA","NA","NA","NA","NA","27169","320694","320759","166393","261469","221208","254108","221208","221208","166393","314911","314912","255113","255114","320759","314912","320761","324169","320761","NA","NA","319089","259745","NA","261500","NA","NA","NA","NA","NA","319591","260246","319591","260246","320169","260969","NA","182921","NA","220681","325669","NA","NA","278410","166393","261498","313907","27180","278410","NA","NA","NA","27182","NA","NA","NA","278410","Orientation_PSA2018","16","104263","35","yes","1024"
"5186","ENG_LIST4.csv","N","H","ENG_Prac1.csv","The carpenter hammered the nail into the wall.","nailV.jpg","V","45.9459459459","45.9459459459","[5, 11, 14, 18, 21, 26, 30, 33, 37, 43, 47]","2933.75675676","2933.75675676","#ffffff","yes","legacy","legacy","legacy","0","uniform","1","undefined","0","0","1","undefined","1","1","undefined","6","j","0","0","0","6","10","0","0","0","0","0","0","0","0","0","0","0","0","0","0","0","0","0","6","0","0","10","2","10","2","2","0","6","6","10","10","0","6","0","0","0","0","0","6","10","0","0","0","0","0","0","0","6","10","6","10","6","10","6","10","6","10","7","NA","6","0","0","0","6","0","0","0","0","0","0","0","0","0","0","10/02/19 12:47:22","no","Matching Tasks","yes","","yes","OrientationCrossLanguages_2018PSA_SP_1.2.4.osexp","C:/Users/user/Documents/PSA scripts - Alicia","no","chinese-japanese-korean","no","18","no","#0000ff","no","English","yes","768","no","legacy","6","3","5","6","C:/Users/user/Documents/PSA scripts - Alicia/Participant Data/MYS_004_SP_96.csv","legacy","no","Kafkaesque Koffka","3.2.8","no","The caterpillar inched along the lamp post.","0","0","j","NA","space","NA","NA","NA","NA","NA","space","space","j","NA","space","NA","NA","NA","NA","NA","j","f","NA","NA","NA","NA","NA","space","NA","NA","NA","401","NA","35189","NA","NA","NA","NA","NA","4629","3885","3406","NA","16899","NA","NA","NA","NA","NA","401","721","NA","NA","NA","NA","NA","104010","NA","NA","NA","2","legacy","no","1024","2","48000","-16","EXP","96","even","Yes","no","NA","27180","2823","325825","254110","NA","131194","NA","NA","NA","NA","NA","2824","26401","NA","27169","NA","NA","NA","NA","NA","27169","320694","320759","166393","261469","221208","254108","221208","221208","166393","326826","326826","255113","255114","320759","326826","320761","324169","320761","NA","NA","330713","259745","NA","261500","NA","NA","NA","NA","NA","331214","260246","331214","260246","331617","260969","NA","182921","NA","220681","332117","NA","NA","278410","166393","261498","325824","27180","278410","NA","NA","NA","27182","NA","NA","NA","278410","Orientation_PSA2018","17","108549","37","yes","1024"
"5186","ENG_LIST4.csv","Y","H","ENG_Prac1.csv","Jim prepared to insert the screw into the side of the cabinet.","screwH.jpg","V","46.1538461538","46.1538461538","[5, 11, 14, 18, 21, 26, 30, 33, 37, 43, 47]","2945.97435897","2945.97435897","#ffffff","yes","legacy","legacy","legacy","0","uniform","1","undefined","0","0","1","undefined","1","1","undefined","6","j","0","0","0","7","10","0","0","0","0","0","0","0","0","0","0","0","0","0","0","0","0","0","7","0","0","10","2","10","2","2","0","7","7","10","10","0","7","0","0","0","0","0","7","10","0","0","0","0","0","0","0","7","10","7","10","7","10","7","10","7","10","8","NA","7","0","0","0","7","0","0","0","0","0","0","0","0","0","0","10/02/19 12:47:22","no","Matching Tasks","yes","","yes","OrientationCrossLanguages_2018PSA_SP_1.2.4.osexp","C:/Users/user/Documents/PSA scripts - Alicia","no","chinese-japanese-korean","no","18","no","#0000ff","no","English","yes","768","no","legacy","7","3","5","7","C:/Users/user/Documents/PSA scripts - Alicia/Participant Data/MYS_004_SP_96.csv","legacy","no","Kafkaesque Koffka","3.2.8","no","The caterpillar inched along the lamp post.","0","0","j","NA","space","NA","NA","NA","NA","NA","space","space","j","NA","space","NA","NA","NA","NA","NA","j","f","NA","NA","NA","NA","NA","space","NA","NA","NA","457","NA","35189","NA","NA","NA","NA","NA","4629","5887","3406","NA","16899","NA","NA","NA","NA","NA","457","721","NA","NA","NA","NA","NA","104010","NA","NA","NA","2","legacy","no","1024","2","48000","-16","EXP","96","even","Yes","no","NA","27180","2823","332255","254110","NA","131194","NA","NA","NA","NA","NA","2824","26401","NA","27169","NA","NA","NA","NA","NA","27169","320694","320759","166393","261469","221208","254108","221208","221208","166393","333256","333256","255113","255114","320759","333256","320761","324169","320761","NA","NA","339145","259745","NA","261500","NA","NA","NA","NA","NA","339646","260246","339646","260246","340105","260969","NA","182921","NA","220681","340605","NA","NA","278410","166393","261498","332253","27180","278410","NA","NA","NA","27182","NA","NA","NA","278410","Orientation_PSA2018","18","114893","39","yes","1024"
"5186","ENG_LIST4.csv","N","H","ENG_Prac1.csv","The lab assistant put the key to the monkey cage in the lock.","keyV.jpg","V","46.3414634146","46.3414634146","[5, 11, 14, 18, 21, 26, 30, 33, 37, 43, 47]","2995.53658537","2995.53658537","#ffffff","yes","legacy","legacy","legacy","0","uniform","1","undefined","0","0","1","undefined","1","1","undefined","6","j","0","0","0","8","10","0","0","0","0","0","0","0","0","0","0","0","0","0","0","0","0","0","8","0","0","10","2","10","2","2","0","8","8","10","10","0","8","0","0","0","0","0","8","10","0","0","0","0","0","0","0","8","10","8","10","8","10","8","10","8","10","9","NA","8","0","0","0","8","0","0","0","0","0","0","0","0","0","0","10/02/19 12:47:22","no","Matching Tasks","yes","","yes","OrientationCrossLanguages_2018PSA_SP_1.2.4.osexp","C:/Users/user/Documents/PSA scripts - Alicia","no","chinese-japanese-korean","no","18","no","#0000ff","no","English","yes","768","no","legacy","8","3","5","8","C:/Users/user/Documents/PSA scripts - Alicia/Participant Data/MYS_004_SP_96.csv","legacy","no","Kafkaesque Koffka","3.2.8","no","The caterpillar inched along the lamp post.","0","0","j","NA","space","NA","NA","NA","NA","NA","space","space","j","NA","space","NA","NA","NA","NA","NA","j","f","NA","NA","NA","NA","NA","space","NA","NA","NA","441","NA","35189","NA","NA","NA","NA","NA","4629","7483","3406","NA","16899","NA","NA","NA","NA","NA","441","721","NA","NA","NA","NA","NA","104010","NA","NA","NA","2","legacy","no","1024","2","48000","-16","EXP","96","even","Yes","no","NA","27180","2823","340745","254110","NA","131194","NA","NA","NA","NA","NA","2824","26401","NA","27169","NA","NA","NA","NA","NA","27169","320694","320759","166393","261469","221208","254108","221208","221208","166393","341748","341748","255113","255114","320759","341748","320761","324169","320761","NA","NA","349233","259745","NA","261500","NA","NA","NA","NA","NA","349734","260246","349734","260246","350177","260969","NA","182921","NA","220681","350677","NA","NA","278410","166393","261498","340743","27180","278410","NA","NA","NA","27182","NA","NA","NA","278410","Orientation_PSA2018","19","122817","41","yes","1024"
"5186","ENG_LIST4.csv","N","V","ENG_Prac1.csv","Derek held his bat high as the ball approached.","batH.jpg","V","46.511627907","46.511627907","[5, 11, 14, 18, 21, 26, 30, 33, 37, 43, 47]","2960.44186047","2960.44186047","#ffffff","yes","legacy","legacy","legacy","0","uniform","1","undefined","0","0","1","undefined","1","1","undefined","6","j","0","0","0","9","10","0","0","0","0","0","0","0","0","0","0","0","0","0","0","0","0","0","9","0","0","10","2","10","2","2","0","9","9","10","10","0","9","0","0","0","0","0","9","10","0","0","0","0","0","0","0","9","10","9","10","9","10","9","10","9","10","10","NA","9","0","0","0","9","0","0","0","0","0","0","0","0","0","0","10/02/19 12:47:22","no","Matching Tasks","yes","","yes","OrientationCrossLanguages_2018PSA_SP_1.2.4.osexp","C:/Users/user/Documents/PSA scripts - Alicia","no","chinese-japanese-korean","no","18","no","#0000ff","no","English","yes","768","no","legacy","9","3","5","9","C:/Users/user/Documents/PSA scripts - Alicia/Participant Data/MYS_004_SP_96.csv","legacy","no","Kafkaesque Koffka","3.2.8","no","The caterpillar inched along the lamp post.","0","0","j","NA","space","NA","NA","NA","NA","NA","space","space","j","NA","space","NA","NA","NA","NA","NA","j","f","NA","NA","NA","NA","NA","space","NA","NA","NA","441","NA","35189","NA","NA","NA","NA","NA","4629","4041","3406","NA","16899","NA","NA","NA","NA","NA","441","721","NA","NA","NA","NA","NA","104010","NA","NA","NA","2","legacy","no","1024","2","48000","-16","EXP","96","even","Yes","no","NA","27180","2823","350812","254110","NA","131194","NA","NA","NA","NA","NA","2824","26401","NA","27169","NA","NA","NA","NA","NA","27169","320694","320759","166393","261469","221208","254108","221208","221208","166393","351813","351813","255113","255114","320759","351814","320761","324169","320761","NA","NA","355857","259745","NA","261500","NA","NA","NA","NA","NA","356358","260246","356358","260246","356801","260969","NA","182921","NA","220681","357301","NA","NA","278410","166393","261498","350811","27180","278410","NA","NA","NA","27182","NA","NA","NA","278410","Orientation_PSA2018","20","127299","43","yes","1024"
"5186","ENG_LIST4.csv","F","F","ENG_Prac1.csv","Calmly, the sniper mounted the scope on his rifle.","needle.jpg","V","46.6666666667","46.6666666667","[5, 11, 14, 18, 21, 26, 30, 33, 37, 43, 47]","2952.86666667","2952.86666667","#ffffff","yes","legacy","legacy","legacy","0","uniform","1","undefined","0","0","1","undefined","1","1","undefined","6","f","0","0","0","10","10","0","0","0","0","0","0","0","0","0","0","0","0","0","0","0","0","0","10","0","0","10","2","10","2","2","0","10","10","10","10","0","10","0","0","0","0","0","10","10","0","0","0","0","0","0","0","10","10","10","10","10","10","10","10","10","10","11","NA","10","0","0","0","10","0","0","0","0","0","0","0","0","0","0","10/02/19 12:47:22","no","Matching Tasks","yes","","yes","OrientationCrossLanguages_2018PSA_SP_1.2.4.osexp","C:/Users/user/Documents/PSA scripts - Alicia","no","chinese-japanese-korean","no","18","no","#0000ff","no","English","yes","768","no","legacy","10","3","5","10","C:/Users/user/Documents/PSA scripts - Alicia/Participant Data/MYS_004_SP_96.csv","legacy","no","Kafkaesque Koffka","3.2.8","no","The caterpillar inched along the lamp post.","0","0","f","NA","space","NA","NA","NA","NA","NA","space","space","j","NA","space","NA","NA","NA","NA","NA","f","f","NA","NA","NA","NA","NA","space","NA","NA","NA","689","NA","35189","NA","NA","NA","NA","NA","4629","4891","3406","NA","16899","NA","NA","NA","NA","NA","689","721","NA","NA","NA","NA","NA","104010","NA","NA","NA","2","legacy","no","1024","2","48000","-16","EXP","96","even","Yes","no","NA","27180","2823","357432","254110","NA","131194","NA","NA","NA","NA","NA","2824","26401","NA","27169","NA","NA","NA","NA","NA","27169","320694","320759","166393","261469","221208","254108","221208","221208","166393","358435","358436","255113","255114","320759","358436","320761","324169","320761","NA","NA","363329","259745","NA","261500","NA","NA","NA","NA","NA","363830","260246","363830","260246","364521","260969","NA","182921","NA","220681","365021","NA","NA","278410","166393","261498","357430","27180","278410","NA","NA","NA","27182","NA","NA","NA","278410","Orientation_PSA2018","21","132879","45","yes","1024"
"5186","ENG_LIST4.csv","N","V","ENG_Prac1.csv","The librarian put the book back on the shelf.","bookH.jpg","V","46.8085106383","46.8085106383","[5, 11, 14, 18, 21, 26, 30, 33, 37, 43, 47]","2912.65957447","2912.65957447","#ffffff","yes","legacy","legacy","legacy","0","uniform","1","undefined","0","0","1","undefined","1","1","undefined","6","j","0","0","0","11","10","0","0","0","0","0","0","0","0","0","0","0","0","0","0","0","0","0","11","0","0","10","2","10","2","2","0","11","11","10","10","0","11","0","0","0","0","0","11","10","0","0","0","0","0","0","0","11","10","11","10","11","10","11","10","11","10","12","NA","11","0","0","0","11","0","0","0","0","0","0","0","0","0","0","10/02/19 12:47:22","no","Matching Tasks","yes","","yes","OrientationCrossLanguages_2018PSA_SP_1.2.4.osexp","C:/Users/user/Documents/PSA scripts - Alicia","no","chinese-japanese-korean","no","18","no","#0000ff","no","English","yes","768","no","legacy","11","3","5","11","C:/Users/user/Documents/PSA scripts - Alicia/Participant Data/MYS_004_SP_96.csv","legacy","no","Kafkaesque Koffka","3.2.8","no","The caterpillar inched along the lamp post.","0","0","j","NA","space","NA","NA","NA","NA","NA","space","space","j","NA","space","NA","NA","NA","NA","NA","j","f","NA","NA","NA","NA","NA","space","NA","NA","NA","377","NA","35189","NA","NA","NA","NA","NA","4629","3639","3406","NA","16899","NA","NA","NA","NA","NA","377","721","NA","NA","NA","NA","NA","104010","NA","NA","NA","2","legacy","no","1024","2","48000","-16","EXP","96","even","Yes","no","NA","27180","2823","365148","254110","NA","131194","NA","NA","NA","NA","NA","2824","26401","NA","27169","NA","NA","NA","NA","NA","27169","320694","320759","166393","261469","221208","254108","221208","221208","166393","366151","366151","255113","255114","320759","366152","320761","324169","320761","NA","NA","369793","259745","NA","261500","NA","NA","NA","NA","NA","370294","260246","370294","260246","370673","260969","NA","182921","NA","220681","371173","NA","NA","278410","166393","261498","365146","27180","278410","NA","NA","NA","27182","NA","NA","NA","278410","Orientation_PSA2018","22","136895","47","yes","1024"
"5186","ENG_LIST4.csv","N","V","ENG_Prac1.csv","The librarian put the book back on the shelf.","bookH.jpg","M","47.9166666667","47.9166666667","[5, 11, 14, 18, 21, 26, 30, 33, 37, 43, 47]","2891.75","2891.75","#ffffff","yes","legacy","legacy","legacy","0","uniform","1","undefined","0","0","1","undefined","1","1","undefined","6","j","0","0","0","11","10","0","0","0","0","0","0","0","0","0","0","0","0","0","0","0","0","0","11","1","0","10","2","10","2","2","0","11","11","10","10","1","11","1","1","1","1","0","11","10","0","0","0","0","0","0","0","11","10","11","10","11","10","11","10","11","10","13","NA","11","0","0","0","11","0","0","0","0","0","0","0","0","0","0","10/02/19 12:47:22","no","Matching Tasks","yes","","yes","OrientationCrossLanguages_2018PSA_SP_1.2.4.osexp","C:/Users/user/Documents/PSA scripts - Alicia","no","chinese-japanese-korean","no","18","no","#0000ff","no","English","yes","768","no","legacy","0","3","5","11","C:/Users/user/Documents/PSA scripts - Alicia/Participant Data/MYS_004_SP_96.csv","legacy","no","Kafkaesque Koffka","3.2.8","no","The librarian put the book back on the shelf.","0","0","j","NA","space","NA","NA","NA","NA","NA","space","space","j","NA","space","NA","NA","NA","NA","NA","j","f","NA","NA","NA","NA","NA","space","NA","NA","NA","1909","NA","35189","NA","NA","NA","NA","NA","4629","3639","1909","NA","16899","NA","NA","NA","NA","NA","377","721","NA","NA","NA","NA","NA","104010","NA","NA","NA","2","legacy","no","1024","2","48000","-16","EXP","96","even","Yes","no","NA","27180","2823","365148","254110","NA","131194","NA","NA","NA","NA","NA","2824","26401","NA","27169","NA","NA","NA","NA","NA","27169","371199","371265","166393","261469","221208","254108","221208","221208","166393","366151","366151","255113","255114","371265","366152","371266","373177","371266","NA","NA","369793","259745","NA","261500","NA","NA","NA","NA","NA","370294","260246","370294","260246","370673","260969","NA","182921","NA","220681","374677","NA","NA","278410","166393","261498","365146","27180","278410","NA","NA","NA","27182","NA","NA","NA","278410","Orientation_PSA2018","23","138804","48","yes","1024"
"5186","ENG_LIST4.csv","N","V","ENG_Prac1.csv","The lumberjack left his axe sticking in the side of the stump after winning the axe toss.","axeH.jpg","V","48","48","[5, 11, 14, 18, 21, 26, 30, 33, 37, 43, 47]","2895.32","2895.32","#ffffff","yes","legacy","legacy","legacy","0","uniform","1","undefined","0","0","1","undefined","1","1","undefined","6","j","0","0","0","12","10","0","0","0","0","0","0","0","0","0","0","0","0","0","0","0","0","0","12","1","0","10","2","10","2","2","0","12","12","10","10","1","12","1","1","1","1","0","12","10","0","0","0","0","0","0","0","12","10","12","10","12","10","12","10","12","10","14","NA","12","0","0","0","12","0","0","0","0","0","0","0","0","0","0","10/02/19 12:47:22","no","Matching Tasks","yes","","yes","OrientationCrossLanguages_2018PSA_SP_1.2.4.osexp","C:/Users/user/Documents/PSA scripts - Alicia","no","chinese-japanese-korean","no","18","no","#0000ff","no","English","yes","768","no","legacy","12","3","5","12","C:/Users/user/Documents/PSA scripts - Alicia/Participant Data/MYS_004_SP_96.csv","legacy","no","Kafkaesque Koffka","3.2.8","no","The librarian put the book back on the shelf.","0","0","j","NA","space","NA","NA","NA","NA","NA","space","space","j","NA","space","NA","NA","NA","NA","NA","j","f","NA","NA","NA","NA","NA","space","NA","NA","NA","415","NA","35189","NA","NA","NA","NA","NA","4629","5547","1909","NA","16899","NA","NA","NA","NA","NA","415","721","NA","NA","NA","NA","NA","104010","NA","NA","NA","2","legacy","no","1024","2","48000","-16","EXP","96","even","Yes","no","NA","27180","2823","374811","254110","NA","131194","NA","NA","NA","NA","NA","2824","26401","NA","27169","NA","NA","NA","NA","NA","27169","371199","371265","166393","261469","221208","254108","221208","221208","166393","375812","375812","255113","255114","371265","375812","371266","373177","371266","NA","NA","381361","259745","NA","261500","NA","NA","NA","NA","NA","381864","260246","381864","260246","382281","260969","NA","182921","NA","220681","382781","NA","NA","278410","166393","261498","374809","27180","278410","NA","NA","NA","27182","NA","NA","NA","278410","Orientation_PSA2018","24","144766","50","yes","1024"
"5186","ENG_LIST4.csv","F","F","ENG_Prac1.csv","The flowers that were planted last week had survived the storm.","nut.jpg","V","48.0769230769","48.0769230769","[5, 11, 14, 18, 21, 26, 30, 33, 37, 43, 47]","2875.63461538","2875.63461538","#ffffff","yes","legacy","legacy","legacy","0","uniform","1","undefined","0","0","1","undefined","1","1","undefined","6","f","0","0","0","13","10","0","0","0","0","0","0","0","0","0","0","0","0","0","0","0","0","0","13","1","0","10","2","10","2","2","0","13","13","10","10","1","13","1","1","1","1","0","13","10","0","0","0","0","0","0","0","13","10","13","10","13","10","13","10","13","10","15","NA","13","0","0","0","13","0","0","0","0","0","0","0","0","0","0","10/02/19 12:47:22","no","Matching Tasks","yes","","yes","OrientationCrossLanguages_2018PSA_SP_1.2.4.osexp","C:/Users/user/Documents/PSA scripts - Alicia","no","chinese-japanese-korean","no","18","no","#0000ff","no","English","yes","768","no","legacy","13","3","5","13","C:/Users/user/Documents/PSA scripts - Alicia/Participant Data/MYS_004_SP_96.csv","legacy","no","Kafkaesque Koffka","3.2.8","no","The librarian put the book back on the shelf.","0","0","f","NA","space","NA","NA","NA","NA","NA","space","space","j","NA","space","NA","NA","NA","NA","NA","f","f","NA","NA","NA","NA","NA","space","NA","NA","NA","640","NA","35189","NA","NA","NA","NA","NA","4629","4127","1909","NA","16899","NA","NA","NA","NA","NA","640","721","NA","NA","NA","NA","NA","104010","NA","NA","NA","2","legacy","no","1024","2","48000","-16","EXP","96","even","Yes","no","NA","27180","2823","382919","254110","NA","131194","NA","NA","NA","NA","NA","2824","26401","NA","27169","NA","NA","NA","NA","NA","27169","371199","371265","166393","261469","221208","254108","221208","221208","166393","383920","383920","255113","255114","371265","383920","371266","373177","371266","NA","NA","388049","259745","NA","261500","NA","NA","NA","NA","NA","388550","260246","388550","260246","389192","260969","NA","182921","NA","220681","389693","NA","NA","278410","166393","261498","382917","27180","278410","NA","NA","NA","27182","NA","NA","NA","278410","Orientation_PSA2018","25","149533","52","yes","1024"
"5186","ENG_LIST4.csv","N","V","ENG_Prac1.csv","Janie grabbed the broom and swept the house, pretending she was Cinderella.","broomH.jpg","V","48.1481481481","48.1481481481","[5, 11, 14, 18, 21, 26, 30, 33, 37, 43, 47]","2866.38888889","2866.38888889","#ffffff","yes","legacy","legacy","legacy","0","uniform","1","undefined","0","0","1","undefined","1","1","undefined","6","j","0","0","0","14","10","0","0","0","0","0","0","0","0","0","0","0","0","0","0","0","0","0","14","1","0","10","2","10","2","2","0","14","14","10","10","1","14","1","1","1","1","0","14","10","0","0","0","0","0","0","0","14","10","14","10","14","10","14","10","14","10","16","NA","14","0","0","0","14","0","0","0","0","0","0","0","0","0","0","10/02/19 12:47:22","no","Matching Tasks","yes","","yes","OrientationCrossLanguages_2018PSA_SP_1.2.4.osexp","C:/Users/user/Documents/PSA scripts - Alicia","no","chinese-japanese-korean","no","18","no","#0000ff","no","English","yes","768","no","legacy","14","3","5","14","C:/Users/user/Documents/PSA scripts - Alicia/Participant Data/MYS_004_SP_96.csv","legacy","no","Kafkaesque Koffka","3.2.8","no","The librarian put the book back on the shelf.","0","0","j","NA","space","NA","NA","NA","NA","NA","space","space","j","NA","space","NA","NA","NA","NA","NA","j","f","NA","NA","NA","NA","NA","space","NA","NA","NA","446","NA","35189","NA","NA","NA","NA","NA","4629","4806","1909","NA","16899","NA","NA","NA","NA","NA","446","721","NA","NA","NA","NA","NA","104010","NA","NA","NA","2","legacy","no","1024","2","48000","-16","EXP","96","even","Yes","no","NA","27180","2823","389824","254110","NA","131194","NA","NA","NA","NA","NA","2824","26401","NA","27169","NA","NA","NA","NA","NA","27169","371199","371265","166393","261469","221208","254108","221208","221208","166393","390825","390825","255113","255114","371265","390825","371266","373177","371266","NA","NA","395633","259745","NA","261500","NA","NA","NA","NA","NA","396137","260246","396137","260246","396585","260969","NA","182921","NA","220681","397085","NA","NA","278410","166393","261498","389822","27180","278410","NA","NA","NA","27182","NA","NA","NA","278410","Orientation_PSA2018","26","154785","54","yes","1024"
"5186","ENG_LIST4.csv","N","V","ENG_Prac1.csv","Janie grabbed the broom and swept the house, pretending she was Cinderella.","broomH.jpg","M","49.0909090909","49.0909090909","[5, 11, 14, 18, 21, 26, 30, 33, 37, 43, 47]","2869.14545455","2869.14545455","#ffffff","yes","legacy","legacy","legacy","0","uniform","1","undefined","0","0","1","undefined","1","1","undefined","6","f","0","0","0","14","10","0","0","0","0","0","0","0","0","0","0","0","0","0","0","0","0","0","14","2","0","10","2","10","2","2","0","14","14","10","10","2","14","2","2","2","2","0","14","10","0","0","0","0","0","0","0","14","10","14","10","14","10","14","10","14","10","17","NA","14","0","0","0","14","0","0","0","0","0","0","0","0","0","0","10/02/19 12:47:22","no","Matching Tasks","yes","","yes","OrientationCrossLanguages_2018PSA_SP_1.2.4.osexp","C:/Users/user/Documents/PSA scripts - Alicia","no","chinese-japanese-korean","no","18","no","#0000ff","no","English","yes","768","no","legacy","0","3","5","14","C:/Users/user/Documents/PSA scripts - Alicia/Participant Data/MYS_004_SP_96.csv","legacy","no","Kafkaesque Koffka","3.2.8","no","Derek held his bat high as the ball approached.","0","0","f","NA","space","NA","NA","NA","NA","NA","space","space","f","NA","space","NA","NA","NA","NA","NA","j","f","NA","NA","NA","NA","NA","space","NA","NA","NA","3018","NA","35189","NA","NA","NA","NA","NA","4629","4806","3018","NA","16899","NA","NA","NA","NA","NA","446","721","NA","NA","NA","NA","NA","104010","NA","NA","NA","2","legacy","no","1024","2","48000","-16","EXP","96","even","Yes","no","NA","27180","2823","389824","254110","NA","131194","NA","NA","NA","NA","NA","2824","26401","NA","27169","NA","NA","NA","NA","NA","27169","397105","397170","166393","261469","221208","254108","221208","221208","166393","390825","390825","255113","255114","397171","390825","397172","400192","397172","NA","NA","395633","259745","NA","261500","NA","NA","NA","NA","NA","396137","260246","396137","260246","396585","260969","NA","182921","NA","220681","401693","NA","NA","278410","166393","261498","389822","27180","278410","NA","NA","NA","27182","NA","NA","NA","278410","Orientation_PSA2018","27","157803","55","yes","1024"
"5186","ENG_LIST4.csv","F","F","ENG_Prac1.csv","The skier took off his gloves after the exhilarating run.","couch.jpg","V","49.1228070175","49.1228070175","[5, 11, 14, 18, 21, 26, 30, 33, 37, 43, 47]","2878.50877193","2878.50877193","#ffffff","yes","legacy","legacy","legacy","0","uniform","1","undefined","0","0","1","undefined","1","1","undefined","6","f","0","0","0","15","10","0","0","0","0","0","0","0","0","0","0","0","0","0","0","0","0","0","15","2","0","10","2","10","2","2","0","15","15","10","10","2","15","2","2","2","2","0","15","10","0","0","0","0","0","0","0","15","10","15","10","15","10","15","10","15","10","18","NA","15","0","0","0","15","0","0","0","0","0","0","0","0","0","0","10/02/19 12:47:22","no","Matching Tasks","yes","","yes","OrientationCrossLanguages_2018PSA_SP_1.2.4.osexp","C:/Users/user/Documents/PSA scripts - Alicia","no","chinese-japanese-korean","no","18","no","#0000ff","no","English","yes","768","no","legacy","15","3","5","15","C:/Users/user/Documents/PSA scripts - Alicia/Participant Data/MYS_004_SP_96.csv","legacy","no","Kafkaesque Koffka","3.2.8","no","Derek held his bat high as the ball approached.","0","0","f","NA","space","NA","NA","NA","NA","NA","space","space","f","NA","space","NA","NA","NA","NA","NA","f","f","NA","NA","NA","NA","NA","space","NA","NA","NA","526","NA","35189","NA","NA","NA","NA","NA","4629","5746","3018","NA","16899","NA","NA","NA","NA","NA","526","721","NA","NA","NA","NA","NA","104010","NA","NA","NA","2","legacy","no","1024","2","48000","-16","EXP","96","even","Yes","no","NA","27180","2823","401856","254110","NA","131194","NA","NA","NA","NA","NA","2824","26401","NA","27169","NA","NA","NA","NA","NA","27169","397105","397170","166393","261469","221208","254108","221208","221208","166393","402859","402860","255113","255114","397171","402860","397172","400192","397172","NA","NA","408608","259745","NA","261500","NA","NA","NA","NA","NA","409112","260246","409113","260246","409642","260969","NA","182921","NA","220681","410142","NA","NA","278410","166393","261498","401854","27180","278410","NA","NA","NA","27182","NA","NA","NA","278410","Orientation_PSA2018","28","164075","57","yes","1024"
"5186","ENG_LIST4.csv","F","F","ENG_Prac1.csv","The swimmers were startled by the alligator.","stove.jpg","V","49.1525423729","49.1525423729","[5, 11, 14, 18, 21, 26, 30, 33, 37, 43, 47]","2842.57627119","2842.57627119","#ffffff","yes","legacy","legacy","legacy","0","uniform","1","undefined","0","0","1","undefined","1","1","undefined","6","f","0","0","0","16","10","0","0","0","0","0","0","0","0","0","0","0","0","0","0","0","0","0","16","2","0","10","2","10","2","2","0","16","16","10","10","2","16","2","2","2","2","0","16","10","0","0","0","0","0","0","0","16","10","16","10","16","10","16","10","16","10","19","NA","16","0","0","0","16","0","0","0","0","0","0","0","0","0","0","10/02/19 12:47:22","no","Matching Tasks","yes","","yes","OrientationCrossLanguages_2018PSA_SP_1.2.4.osexp","C:/Users/user/Documents/PSA scripts - Alicia","no","chinese-japanese-korean","no","18","no","#0000ff","no","English","yes","768","no","legacy","16","3","5","16","C:/Users/user/Documents/PSA scripts - Alicia/Participant Data/MYS_004_SP_96.csv","legacy","no","Kafkaesque Koffka","3.2.8","no","Derek held his bat high as the ball approached.","0","0","f","NA","space","NA","NA","NA","NA","NA","space","space","f","NA","space","NA","NA","NA","NA","NA","f","f","NA","NA","NA","NA","NA","space","NA","NA","NA","889","NA","35189","NA","NA","NA","NA","NA","4629","2748","3018","NA","16899","NA","NA","NA","NA","NA","889","721","NA","NA","NA","NA","NA","104010","NA","NA","NA","2","legacy","no","1024","2","48000","-16","EXP","96","even","Yes","no","NA","27180","2823","410263","254110","NA","131194","NA","NA","NA","NA","NA","2824","26401","NA","27169","NA","NA","NA","NA","NA","27169","397105","397170","166393","261469","221208","254108","221208","221208","166393","411266","411267","255113","255114","397171","411267","397172","400192","397172","NA","NA","414017","259745","NA","261500","NA","NA","NA","NA","NA","414518","260246","414518","260246","415409","260969","NA","182921","NA","220681","415909","NA","NA","278410","166393","261498","410261","27180","278410","NA","NA","NA","27182","NA","NA","NA","278410","Orientation_PSA2018","29","167712","59","yes","1024"
"5186","ENG_LIST4.csv","F","F","ENG_Prac1.csv","Grandmother baked a pancake for her granddaughter.","watch.jpg","V","49.1803278689","49.1803278689","[5, 11, 14, 18, 21, 26, 30, 33, 37, 43, 47]","2813.52459016","2813.52459016","#ffffff","yes","legacy","legacy","legacy","0","uniform","1","undefined","0","0","1","undefined","1","1","undefined","6","f","0","0","0","17","10","0","0","0","0","0","0","0","0","0","0","0","0","0","0","0","0","0","17","2","0","10","2","10","2","2","0","17","17","10","10","2","17","2","2","2","2","0","17","10","0","0","0","0","0","0","0","17","10","17","10","17","10","17","10","17","10","20","NA","17","0","0","0","17","0","0","0","0","0","0","0","0","0","0","10/02/19 12:47:22","no","Matching Tasks","yes","","yes","OrientationCrossLanguages_2018PSA_SP_1.2.4.osexp","C:/Users/user/Documents/PSA scripts - Alicia","no","chinese-japanese-korean","no","18","no","#0000ff","no","English","yes","768","no","legacy","17","3","5","17","C:/Users/user/Documents/PSA scripts - Alicia/Participant Data/MYS_004_SP_96.csv","legacy","no","Kafkaesque Koffka","3.2.8","no","Derek held his bat high as the ball approached.","0","0","f","NA","space","NA","NA","NA","NA","NA","space","space","f","NA","space","NA","NA","NA","NA","NA","f","f","NA","NA","NA","NA","NA","space","NA","NA","NA","529","NA","35189","NA","NA","NA","NA","NA","4629","3384","3018","NA","16899","NA","NA","NA","NA","NA","529","721","NA","NA","NA","NA","NA","104010","NA","NA","NA","2","legacy","no","1024","2","48000","-16","EXP","96","even","Yes","no","NA","27180","2823","416027","254110","NA","131194","NA","NA","NA","NA","NA","2824","26401","NA","27169","NA","NA","NA","NA","NA","27169","397105","397170","166393","261469","221208","254108","221208","221208","166393","417031","417031","255113","255114","397171","417031","397172","400192","397172","NA","NA","420417","259745","NA","261500","NA","NA","NA","NA","NA","420918","260246","420918","260246","421449","260969","NA","182921","NA","220681","421949","NA","NA","278410","166393","261498","416025","27180","278410","NA","NA","NA","27182","NA","NA","NA","278410","Orientation_PSA2018","30","171625","61","yes","1024"
"5186","ENG_LIST4.csv","F","F","ENG_Prac1.csv","Melissa volleyed the ball over the net.","house.jpg","V","49.2063492063","49.2063492063","[5, 11, 14, 18, 21, 26, 30, 33, 37, 43, 47]","2788.33333333","2788.33333333","#ffffff","yes","legacy","legacy","legacy","0","uniform","1","undefined","0","0","1","undefined","1","1","undefined","6","f","0","0","0","18","10","0","0","0","0","0","0","0","0","0","0","0","0","0","0","0","0","0","18","2","0","10","2","10","2","2","0","18","18","10","10","2","18","2","2","2","2","0","18","10","0","0","0","0","0","0","0","18","10","18","10","18","10","18","10","18","10","21","NA","18","0","0","0","18","0","0","0","0","0","0","0","0","0","0","10/02/19 12:47:22","no","Matching Tasks","yes","","yes","OrientationCrossLanguages_2018PSA_SP_1.2.4.osexp","C:/Users/user/Documents/PSA scripts - Alicia","no","chinese-japanese-korean","no","18","no","#0000ff","no","English","yes","768","no","legacy","18","3","5","18","C:/Users/user/Documents/PSA scripts - Alicia/Participant Data/MYS_004_SP_96.csv","legacy","no","Kafkaesque Koffka","3.2.8","no","Derek held his bat high as the ball approached.","0","0","f","NA","space","NA","NA","NA","NA","NA","space","space","f","NA","space","NA","NA","NA","NA","NA","f","f","NA","NA","NA","NA","NA","space","NA","NA","NA","505","NA","35189","NA","NA","NA","NA","NA","4629","3535","3018","NA","16899","NA","NA","NA","NA","NA","505","721","NA","NA","NA","NA","NA","104010","NA","NA","NA","2","legacy","no","1024","2","48000","-16","EXP","96","even","Yes","no","NA","27180","2823","422078","254110","NA","131194","NA","NA","NA","NA","NA","2824","26401","NA","27169","NA","NA","NA","NA","NA","27169","397105","397170","166393","261469","221208","254108","221208","221208","166393","423080","423080","255113","255114","397171","423080","397172","400192","397172","NA","NA","426617","259745","NA","261500","NA","NA","NA","NA","NA","427118","260246","427118","260246","427625","260969","NA","182921","NA","220681","428125","NA","NA","278410","166393","261498","422077","27180","278410","NA","NA","NA","27182","NA","NA","NA","278410","Orientation_PSA2018","31","175665","63","yes","1024"
"5186","ENG_LIST4.csv","F","F","ENG_Prac1.csv","Melissa volleyed the ball over the net.","house.jpg","M","50","50","[5, 11, 14, 18, 21, 26, 30, 33, 37, 43, 47]","2768.09375","2768.09375","#ffffff","yes","legacy","legacy","legacy","0","uniform","1","undefined","0","0","1","undefined","1","1","undefined","6","j","0","0","0","18","10","0","0","0","0","0","0","0","0","0","0","0","0","0","0","0","0","0","18","3","0","10","2","10","2","2","0","18","18","10","10","3","18","3","3","3","3","0","18","10","0","0","0","0","0","0","0","18","10","18","10","18","10","18","10","18","10","22","NA","18","0","0","0","18","0","0","0","0","0","0","0","0","0","0","10/02/19 12:47:22","no","Matching Tasks","yes","","yes","OrientationCrossLanguages_2018PSA_SP_1.2.4.osexp","C:/Users/user/Documents/PSA scripts - Alicia","no","chinese-japanese-korean","no","18","no","#0000ff","no","English","yes","768","no","legacy","0","3","5","18","C:/Users/user/Documents/PSA scripts - Alicia/Participant Data/MYS_004_SP_96.csv","legacy","no","Kafkaesque Koffka","3.2.8","no","Melissa volleyed the ball over the net.","0","0","j","NA","space","NA","NA","NA","NA","NA","space","space","j","NA","space","NA","NA","NA","NA","NA","f","f","NA","NA","NA","NA","NA","space","NA","NA","NA","1493","NA","35189","NA","NA","NA","NA","NA","4629","3535","1493","NA","16899","NA","NA","NA","NA","NA","505","721","NA","NA","NA","NA","NA","104010","NA","NA","NA","2","legacy","no","1024","2","48000","-16","EXP","96","even","Yes","no","NA","27180","2823","422078","254110","NA","131194","NA","NA","NA","NA","NA","2824","26401","NA","27169","NA","NA","NA","NA","NA","27169","428153","428224","166393","261469","221208","254108","221208","221208","166393","423080","423080","255113","255114","428224","423080","428226","429721","428226","NA","NA","426617","259745","NA","261500","NA","NA","NA","NA","NA","427118","260246","427118","260246","427625","260969","NA","182921","NA","220681","431221","NA","NA","278410","166393","261498","422077","27180","278410","NA","NA","NA","27182","NA","NA","NA","278410","Orientation_PSA2018","32","177158","64","yes","1024"
"5186","ENG_LIST4.csv","Y","V","ENG_Prac1.csv","The race car driver fastened the fire-extinguisher onto the garage wall.","fire_extinguisherV.jpg","V","50","50","[5, 11, 14, 18, 21, 26, 30, 33, 37, 43, 47]","2761.25757576","2761.25757576","#ffffff","yes","legacy","legacy","legacy","0","uniform","1","undefined","0","0","1","undefined","1","1","undefined","6","j","0","0","0","19","10","0","0","0","0","0","0","0","0","0","0","0","0","0","0","0","0","0","19","3","0","10","2","10","2","2","0","19","19","10","10","3","19","3","3","3","3","0","19","10","0","0","0","0","0","0","0","19","10","19","10","19","10","19","10","19","10","23","NA","19","0","0","0","19","0","0","0","0","0","0","0","0","0","0","10/02/19 12:47:22","no","Matching Tasks","yes","","yes","OrientationCrossLanguages_2018PSA_SP_1.2.4.osexp","C:/Users/user/Documents/PSA scripts - Alicia","no","chinese-japanese-korean","no","18","no","#0000ff","no","English","yes","768","no","legacy","19","3","5","19","C:/Users/user/Documents/PSA scripts - Alicia/Participant Data/MYS_004_SP_96.csv","legacy","no","Kafkaesque Koffka","3.2.8","no","Melissa volleyed the ball over the net.","0","0","j","NA","space","NA","NA","NA","NA","NA","space","space","j","NA","space","NA","NA","NA","NA","NA","j","f","NA","NA","NA","NA","NA","space","NA","NA","NA","457","NA","35189","NA","NA","NA","NA","NA","4629","4628","1493","NA","16899","NA","NA","NA","NA","NA","457","721","NA","NA","NA","NA","NA","104010","NA","NA","NA","2","legacy","no","1024","2","48000","-16","EXP","96","even","Yes","no","NA","27180","2823","431375","254110","NA","131194","NA","NA","NA","NA","NA","2824","26401","NA","27169","NA","NA","NA","NA","NA","27169","428153","428224","166393","261469","221208","254108","221208","221208","166393","432378","432379","255113","255114","428224","432379","428226","429721","428226","NA","NA","437009","259745","NA","261500","NA","NA","NA","NA","NA","437510","260246","437510","260246","437969","260969","NA","182921","NA","220681","438469","NA","NA","278410","166393","261498","431374","27180","278410","NA","NA","NA","27182","NA","NA","NA","278410","Orientation_PSA2018","33","182243","66","yes","1024"
"5186","ENG_LIST4.csv","N","H","ENG_Prac1.csv","Rick hurriedly stuck his pencil in the desk drawer.","pencilV.jpg","V","50","50","[5, 11, 14, 18, 21, 26, 30, 33, 37, 43, 47]","2745.54411765","2745.54411765","#ffffff","yes","legacy","legacy","legacy","0","uniform","1","undefined","0","0","1","undefined","1","1","undefined","6","j","0","0","0","20","10","0","0","0","0","0","0","0","0","0","0","0","0","0","0","0","0","0","20","3","0","10","2","10","2","2","0","20","20","10","10","3","20","3","3","3","3","0","20","10","0","0","0","0","0","0","0","20","10","20","10","20","10","20","10","20","10","24","NA","20","0","0","0","20","0","0","0","0","0","0","0","0","0","0","10/02/19 12:47:22","no","Matching Tasks","yes","","yes","OrientationCrossLanguages_2018PSA_SP_1.2.4.osexp","C:/Users/user/Documents/PSA scripts - Alicia","no","chinese-japanese-korean","no","18","no","#0000ff","no","English","yes","768","no","legacy","20","3","5","20","C:/Users/user/Documents/PSA scripts - Alicia/Participant Data/MYS_004_SP_96.csv","legacy","no","Kafkaesque Koffka","3.2.8","no","Melissa volleyed the ball over the net.","0","0","j","NA","space","NA","NA","NA","NA","NA","space","space","j","NA","space","NA","NA","NA","NA","NA","j","f","NA","NA","NA","NA","NA","space","NA","NA","NA","616","NA","35189","NA","NA","NA","NA","NA","4629","3838","1493","NA","16899","NA","NA","NA","NA","NA","616","721","NA","NA","NA","NA","NA","104010","NA","NA","NA","2","legacy","no","1024","2","48000","-16","EXP","96","even","Yes","no","NA","27180","2823","438613","254110","NA","131194","NA","NA","NA","NA","NA","2824","26401","NA","27169","NA","NA","NA","NA","NA","27169","428153","428224","166393","261469","221208","254108","221208","221208","166393","439616","439617","255113","255114","428224","439617","428226","429721","428226","NA","NA","443457","259745","NA","261500","NA","NA","NA","NA","NA","443958","260246","443958","260246","444577","260969","NA","182921","NA","220681","445077","NA","NA","278410","166393","261498","438612","27180","278410","NA","NA","NA","27182","NA","NA","NA","278410","Orientation_PSA2018","34","186697","68","yes","1024"
"5186","ENG_LIST4.csv","F","F","ENG_Prac1.csv","Denise bought a ticket for the subway.","sutcse.jpg","V","50","50","[5, 11, 14, 18, 21, 26, 30, 33, 37, 43, 47]","2703.48571429","2703.48571429","#ffffff","yes","legacy","legacy","legacy","0","uniform","1","undefined","0","0","1","undefined","1","1","undefined","6","f","0","0","0","21","10","0","0","0","0","0","0","0","0","0","0","0","0","0","0","0","0","0","21","3","0","10","2","10","2","2","0","21","21","10","10","3","21","3","3","3","3","0","21","10","0","0","0","0","0","0","0","21","10","21","10","21","10","21","10","21","10","25","NA","21","0","0","0","21","0","0","0","0","0","0","0","0","0","0","10/02/19 12:47:22","no","Matching Tasks","yes","","yes","OrientationCrossLanguages_2018PSA_SP_1.2.4.osexp","C:/Users/user/Documents/PSA scripts - Alicia","no","chinese-japanese-korean","no","18","no","#0000ff","no","English","yes","768","no","legacy","21","3","5","21","C:/Users/user/Documents/PSA scripts - Alicia/Participant Data/MYS_004_SP_96.csv","legacy","no","Kafkaesque Koffka","3.2.8","no","Melissa volleyed the ball over the net.","0","0","f","NA","space","NA","NA","NA","NA","NA","space","space","j","NA","space","NA","NA","NA","NA","NA","f","f","NA","NA","NA","NA","NA","space","NA","NA","NA","577","NA","35189","NA","NA","NA","NA","NA","4629","1970","1493","NA","16899","NA","NA","NA","NA","NA","577","721","NA","NA","NA","NA","NA","104010","NA","NA","NA","2","legacy","no","1024","2","48000","-16","EXP","96","even","Yes","no","NA","27180","2823","445202","254110","NA","131194","NA","NA","NA","NA","NA","2824","26401","NA","27169","NA","NA","NA","NA","NA","27169","428153","428224","166393","261469","221208","254108","221208","221208","166393","446205","446205","255113","255114","428224","446205","428226","429721","428226","NA","NA","448177","259745","NA","261500","NA","NA","NA","NA","NA","448678","260246","448678","260246","449257","260969","NA","182921","NA","220681","449757","NA","NA","278410","166393","261498","445200","27180","278410","NA","NA","NA","27182","NA","NA","NA","278410","Orientation_PSA2018","35","189244","70","yes","1024"
"5186","ENG_LIST4.csv","F","F","ENG_Prac1.csv","Denise bought a ticket for the subway.","sutcse.jpg","M","50.7042253521","50.7042253521","[5, 11, 14, 18, 21, 26, 30, 33, 37, 43, 47]","2691.07042254","2691.07042254","#ffffff","yes","legacy","legacy","legacy","0","uniform","1","undefined","0","0","1","undefined","1","1","undefined","6","j","0","0","0","21","10","0","0","0","0","0","0","0","0","0","0","0","0","0","0","0","0","0","21","4","0","10","2","10","2","2","0","21","21","10","10","4","21","4","4","4","4","0","21","10","0","0","0","0","0","0","0","21","10","21","10","21","10","21","10","21","10","26","NA","21","0","0","0","21","0","0","0","0","0","0","0","0","0","0","10/02/19 12:47:22","no","Matching Tasks","yes","","yes","OrientationCrossLanguages_2018PSA_SP_1.2.4.osexp","C:/Users/user/Documents/PSA scripts - Alicia","no","chinese-japanese-korean","no","18","no","#0000ff","no","English","yes","768","no","legacy","0","3","5","21","C:/Users/user/Documents/PSA scripts - Alicia/Participant Data/MYS_004_SP_96.csv","legacy","no","Kafkaesque Koffka","3.2.8","no","Denise bought a ticket for the subway.","0","0","j","NA","space","NA","NA","NA","NA","NA","space","space","j","NA","space","NA","NA","NA","NA","NA","f","f","NA","NA","NA","NA","NA","space","NA","NA","NA","1822","NA","35189","NA","NA","NA","NA","NA","4629","1970","1822","NA","16899","NA","NA","NA","NA","NA","577","721","NA","NA","NA","NA","NA","104010","NA","NA","NA","2","legacy","no","1024","2","48000","-16","EXP","96","even","Yes","no","NA","27180","2823","445202","254110","NA","131194","NA","NA","NA","NA","NA","2824","26401","NA","27169","NA","NA","NA","NA","NA","27169","449777","449839","166393","261469","221208","254108","221208","221208","166393","446205","446205","255113","255114","449840","446205","449841","451665","449841","NA","NA","448177","259745","NA","261500","NA","NA","NA","NA","NA","448678","260246","448678","260246","449257","260969","NA","182921","NA","220681","453165","NA","NA","278410","166393","261498","445200","27180","278410","NA","NA","NA","27182","NA","NA","NA","278410","Orientation_PSA2018","36","191066","71","yes","1024"
"5186","ENG_LIST4.csv","Y","H","ENG_Prac1.csv","The accountant stuck his pen behind his ear.","penH.jpg","V","50.6849315068","50.6849315068","[5, 11, 14, 18, 21, 26, 30, 33, 37, 43, 47]","2681.04109589","2681.04109589","#ffffff","yes","legacy","legacy","legacy","0","uniform","1","undefined","0","0","1","undefined","1","1","undefined","6","j","0","0","0","22","10","0","0","0","0","0","0","0","0","0","0","0","0","0","0","0","0","0","22","4","0","10","2","10","2","2","0","22","22","10","10","4","22","4","4","4","4","0","22","10","0","0","0","0","0","0","0","22","10","22","10","22","10","22","10","22","10","27","NA","22","0","0","0","22","0","0","0","0","0","0","0","0","0","0","10/02/19 12:47:22","no","Matching Tasks","yes","","yes","OrientationCrossLanguages_2018PSA_SP_1.2.4.osexp","C:/Users/user/Documents/PSA scripts - Alicia","no","chinese-japanese-korean","no","18","no","#0000ff","no","English","yes","768","no","legacy","22","3","5","22","C:/Users/user/Documents/PSA scripts - Alicia/Participant Data/MYS_004_SP_96.csv","legacy","no","Kafkaesque Koffka","3.2.8","no","Denise bought a ticket for the subway.","0","0","j","NA","space","NA","NA","NA","NA","NA","space","space","j","NA","space","NA","NA","NA","NA","NA","j","f","NA","NA","NA","NA","NA","space","NA","NA","NA","535","NA","35189","NA","NA","NA","NA","NA","4629","4115","1822","NA","16899","NA","NA","NA","NA","NA","535","721","NA","NA","NA","NA","NA","104010","NA","NA","NA","2","legacy","no","1024","2","48000","-16","EXP","96","even","Yes","no","NA","27180","2823","453302","254110","NA","131194","NA","NA","NA","NA","NA","2824","26401","NA","27169","NA","NA","NA","NA","NA","27169","449777","449839","166393","261469","221208","254108","221208","221208","166393","454306","454306","255113","255114","449840","454307","449841","451665","449841","NA","NA","458424","259745","NA","261500","NA","NA","NA","NA","NA","458927","260246","458927","260246","459465","260969","NA","182921","NA","220681","459965","NA","NA","278410","166393","261498","453301","27180","278410","NA","NA","NA","27182","NA","NA","NA","278410","Orientation_PSA2018","37","195716","73","yes","1024"
"5186","ENG_LIST4.csv","Y","V","ENG_Prac1.csv","Laura hung the decoration on the line with the clothespin.","clothespinV.jpg","V","50.6666666667","50.6666666667","[5, 11, 14, 18, 21, 26, 30, 33, 37, 43, 47]","2662.84","2662.84","#ffffff","yes","legacy","legacy","legacy","0","uniform","1","undefined","0","0","1","undefined","1","1","undefined","6","j","0","0","0","23","10","0","0","0","0","0","0","0","0","0","0","0","0","0","0","0","0","0","23","4","0","10","2","10","2","2","0","23","23","10","10","4","23","4","4","4","4","0","23","10","0","0","0","0","0","0","0","23","10","23","10","23","10","23","10","23","10","28","NA","23","0","0","0","23","0","0","0","0","0","0","0","0","0","0","10/02/19 12:47:22","no","Matching Tasks","yes","","yes","OrientationCrossLanguages_2018PSA_SP_1.2.4.osexp","C:/Users/user/Documents/PSA scripts - Alicia","no","chinese-japanese-korean","no","18","no","#0000ff","no","English","yes","768","no","legacy","23","3","5","23","C:/Users/user/Documents/PSA scripts - Alicia/Participant Data/MYS_004_SP_96.csv","legacy","no","Kafkaesque Koffka","3.2.8","no","Denise bought a ticket for the subway.","0","0","j","NA","space","NA","NA","NA","NA","NA","space","space","j","NA","space","NA","NA","NA","NA","NA","j","f","NA","NA","NA","NA","NA","space","NA","NA","NA","487","NA","35189","NA","NA","NA","NA","NA","4629","3510","1822","NA","16899","NA","NA","NA","NA","NA","487","721","NA","NA","NA","NA","NA","104010","NA","NA","NA","2","legacy","no","1024","2","48000","-16","EXP","96","even","Yes","no","NA","27180","2823","460116","254110","NA","131194","NA","NA","NA","NA","NA","2824","26401","NA","27169","NA","NA","NA","NA","NA","27169","449777","449839","166393","261469","221208","254108","221208","221208","166393","461119","461120","255113","255114","449840","461120","449841","451665","449841","NA","NA","464633","259745","NA","261500","NA","NA","NA","NA","NA","465136","260246","465136","260246","465625","260969","NA","182921","NA","220681","466125","NA","NA","278410","166393","261498","460114","27180","278410","NA","NA","NA","27182","NA","NA","NA","278410","Orientation_PSA2018","38","199713","75","yes","1024"
"5186","ENG_LIST4.csv","F","F","ENG_Prac1.csv","The taxi driver handed the receipt to the complaining passenger.","knife.jpg","V","50","50","[5, 11, 14, 18, 21, 26, 30, 33, 37, 43, 47]","1968","1968","#ffffff","yes","legacy","legacy","legacy","0","uniform","1","undefined","0","0","1","undefined","1","1","undefined","6","f","0","0","0","24","10","0","0","0","0","0","0","0","0","0","0","0","0","0","0","0","0","0","24","4","0","10","2","10","2","2","0","24","24","10","10","4","24","4","4","4","4","0","24","10","0","0","0","0","0","0","0","24","10","24","10","24","10","24","10","24","10","29","0","24","0","0","0","24","0","0","0","0","0","0","0","0","0","0","10/02/19 12:47:22","no","Matching Tasks","yes","","yes","OrientationCrossLanguages_2018PSA_SP_1.2.4.osexp","C:/Users/user/Documents/PSA scripts - Alicia","no","chinese-japanese-korean","no","18","no","#0000ff","no","English","yes","768","no","legacy","24","3","5","24","C:/Users/user/Documents/PSA scripts - Alicia/Participant Data/MYS_004_SP_96.csv","legacy","no","Kafkaesque Koffka","3.2.8","no","Denise bought a ticket for the subway.","0","0","f","NA","space","NA","NA","NA","NA","NA","space","space","j","NA","space","NA","NA","NA","NA","NA","f","f","space","NA","NA","NA","NA","space","NA","NA","NA","545","NA","35189","NA","NA","NA","NA","NA","4629","3391","1822","NA","16899","NA","NA","NA","NA","NA","545","721","7935","NA","NA","NA","NA","104010","NA","NA","NA","2","legacy","no","1024","2","48000","-16","EXP","96","even","Yes","no","NA","27180","2823","474214","254110","NA","131194","NA","NA","NA","NA","NA","2824","26401","NA","27169","NA","NA","NA","NA","NA","27169","449777","449839","166393","261469","221208","254108","221208","221208","166393","475215","475215","255113","255114","449840","475215","449841","451665","449841","NA","NA","478608","259745","NA","261500","NA","NA","NA","NA","NA","479109","260246","479109","260246","479656","260969","NA","182921","NA","220681","480156","466168","NA","278410","166393","261498","474212","27180","278410","NA","NA","NA","27182","NA","NA","NA","278410","Orientation_PSA2018","1","3936","2","yes","1024"
"5186","ENG_LIST4.csv","F","F","ENG_Prac1.csv","The todler rode his tricycle around and around.","tapedispenser.jpg","V","50","50","[5, 11, 14, 18, 21, 26, 30, 33, 37, 43, 47]","1791.5","1791.5","#ffffff","yes","legacy","legacy","legacy","0","uniform","1","undefined","0","0","1","undefined","1","1","undefined","6","f","0","0","0","25","10","0","0","0","0","0","0","0","0","0","0","0","0","0","0","0","0","0","25","4","0","10","2","10","2","2","0","25","25","10","10","4","25","4","4","4","4","0","25","10","0","0","0","0","0","0","0","25","10","25","10","25","10","25","10","25","10","30","0","25","0","0","0","25","0","0","0","0","0","0","0","0","0","0","10/02/19 12:47:22","no","Matching Tasks","yes","","yes","OrientationCrossLanguages_2018PSA_SP_1.2.4.osexp","C:/Users/user/Documents/PSA scripts - Alicia","no","chinese-japanese-korean","no","18","no","#0000ff","no","English","yes","768","no","legacy","25","3","5","25","C:/Users/user/Documents/PSA scripts - Alicia/Participant Data/MYS_004_SP_96.csv","legacy","no","Kafkaesque Koffka","3.2.8","no","Denise bought a ticket for the subway.","0","0","f","NA","space","NA","NA","NA","NA","NA","space","space","j","NA","space","NA","NA","NA","NA","NA","f","f","space","NA","NA","NA","NA","space","NA","NA","NA","679","NA","35189","NA","NA","NA","NA","NA","4629","2551","1822","NA","16899","NA","NA","NA","NA","NA","679","721","7935","NA","NA","NA","NA","104010","NA","NA","NA","2","legacy","no","1024","2","48000","-16","EXP","96","even","Yes","no","NA","27180","2823","480300","254110","NA","131194","NA","NA","NA","NA","NA","2824","26401","NA","27169","NA","NA","NA","NA","NA","27169","449777","449839","166393","261469","221208","254108","221208","221208","166393","481303","481304","255113","255114","449840","481304","449841","451665","449841","NA","NA","483857","259745","NA","261500","NA","NA","NA","NA","NA","484360","260246","484360","260246","485041","260969","NA","182921","NA","220681","485541","466168","NA","278410","166393","261498","480298","27180","278410","NA","NA","NA","27182","NA","NA","NA","278410","Orientation_PSA2018","2","7166","4","yes","1024"
"5186","ENG_LIST4.csv","F","F","ENG_Prac1.csv","The thirsty mountain biker refilled his bottle at the waterfountain.","flower.jpg","V","50","50","[5, 11, 14, 18, 21, 26, 30, 33, 37, 43, 47]","1948.33333333","1948.33333333","#ffffff","yes","legacy","legacy","legacy","0","uniform","1","undefined","0","0","1","undefined","1","1","undefined","6","f","0","0","0","26","10","0","0","0","0","0","0","0","0","0","0","0","0","0","0","0","0","0","26","4","0","10","2","10","2","2","0","26","26","10","10","4","26","4","4","4","4","0","26","10","0","0","0","0","0","0","0","26","10","26","10","26","10","26","10","26","10","31","0","26","0","0","0","26","0","0","0","0","0","0","0","0","0","0","10/02/19 12:47:22","no","Matching Tasks","yes","","yes","OrientationCrossLanguages_2018PSA_SP_1.2.4.osexp","C:/Users/user/Documents/PSA scripts - Alicia","no","chinese-japanese-korean","no","18","no","#0000ff","no","English","yes","768","no","legacy","26","3","5","26","C:/Users/user/Documents/PSA scripts - Alicia/Participant Data/MYS_004_SP_96.csv","legacy","no","Kafkaesque Koffka","3.2.8","no","Denise bought a ticket for the subway.","0","0","f","NA","space","NA","NA","NA","NA","NA","space","space","j","NA","space","NA","NA","NA","NA","NA","f","f","space","NA","NA","NA","NA","space","NA","NA","NA","497","NA","35189","NA","NA","NA","NA","NA","4629","4027","1822","NA","16899","NA","NA","NA","NA","NA","497","721","7935","NA","NA","NA","NA","104010","NA","NA","NA","2","legacy","no","1024","2","48000","-16","EXP","96","even","Yes","no","NA","27180","2823","485672","254110","NA","131194","NA","NA","NA","NA","NA","2824","26401","NA","27169","NA","NA","NA","NA","NA","27169","449777","449839","166393","261469","221208","254108","221208","221208","166393","486675","486675","255113","255114","449840","486676","449841","451665","449841","NA","NA","490705","259745","NA","261500","NA","NA","NA","NA","NA","491206","260246","491206","260246","491705","260969","NA","182921","NA","220681","492205","466168","NA","278410","166393","261498","485670","27180","278410","NA","NA","NA","27182","NA","NA","NA","278410","Orientation_PSA2018","3","11690","6","yes","1024"
"5186","ENG_LIST4.csv","F","F","ENG_Prac1.csv","The thirsty mountain biker refilled his bottle at the waterfountain.","flower.jpg","M","57.1428571429","57.1428571429","[5, 11, 14, 18, 21, 26, 30, 33, 37, 43, 47]","1868.28571429","1868.28571429","#ffffff","yes","legacy","legacy","legacy","0","uniform","1","undefined","0","0","1","undefined","1","1","undefined","6","j","0","0","0","26","10","0","0","0","0","0","0","0","0","0","0","0","0","0","0","0","0","0","26","5","0","10","2","10","2","2","0","26","26","10","10","5","26","5","5","5","5","0","26","10","0","0","0","0","0","0","0","26","10","26","10","26","10","26","10","26","10","32","0","26","0","0","0","26","0","0","0","0","0","0","0","0","0","0","10/02/19 12:47:22","no","Matching Tasks","yes","","yes","OrientationCrossLanguages_2018PSA_SP_1.2.4.osexp","C:/Users/user/Documents/PSA scripts - Alicia","no","chinese-japanese-korean","no","18","no","#0000ff","no","English","yes","768","no","legacy","0","3","5","26","C:/Users/user/Documents/PSA scripts - Alicia/Participant Data/MYS_004_SP_96.csv","legacy","no","Kafkaesque Koffka","3.2.8","no","The todler rode his tricycle around and around.","0","0","j","NA","space","NA","NA","NA","NA","NA","space","space","j","NA","space","NA","NA","NA","NA","NA","f","f","space","NA","NA","NA","NA","space","NA","NA","NA","1388","NA","35189","NA","NA","NA","NA","NA","4629","4027","1388","NA","16899","NA","NA","NA","NA","NA","497","721","7935","NA","NA","NA","NA","104010","NA","NA","NA","2","legacy","no","1024","2","48000","-16","EXP","96","even","Yes","no","NA","27180","2823","485672","254110","NA","131194","NA","NA","NA","NA","NA","2824","26401","NA","27169","NA","NA","NA","NA","NA","27169","492248","492313","166393","261469","221208","254108","221208","221208","166393","486675","486675","255113","255114","492313","486676","492314","493705","492315","NA","NA","490705","259745","NA","261500","NA","NA","NA","NA","NA","491206","260246","491206","260246","491705","260969","NA","182921","NA","220681","495205","466168","NA","278410","166393","261498","485670","27180","278410","NA","NA","NA","27182","NA","NA","NA","278410","Orientation_PSA2018","4","13078","7","yes","1024"
"5186","ENG_LIST4.csv","F","F","ENG_Prac1.csv","The tour guide led his group to the top of the amphitheatre.","wndmil.jpg","V","55.5555555556","55.5555555556","[5, 11, 14, 18, 21, 26, 30, 33, 37, 43, 47]","2956.22222222","2956.22222222","#ffffff","yes","legacy","legacy","legacy","0","uniform","1","undefined","0","0","1","undefined","1","1","undefined","6","f","0","0","0","27","10","0","0","0","0","0","0","0","0","0","0","0","0","0","0","0","0","0","27","5","0","10","2","10","2","2","0","27","27","10","10","5","27","5","5","5","5","0","27","10","0","0","0","0","0","0","0","27","10","27","10","27","10","27","10","27","10","33","0","27","0","0","0","27","0","0","0","0","0","0","0","0","0","0","10/02/19 12:47:22","no","Matching Tasks","yes","","yes","OrientationCrossLanguages_2018PSA_SP_1.2.4.osexp","C:/Users/user/Documents/PSA scripts - Alicia","no","chinese-japanese-korean","no","18","no","#0000ff","no","English","yes","768","no","legacy","27","3","5","27","C:/Users/user/Documents/PSA scripts - Alicia/Participant Data/MYS_004_SP_96.csv","legacy","no","Kafkaesque Koffka","3.2.8","no","The todler rode his tricycle around and around.","0","0","f","NA","space","NA","NA","NA","NA","NA","space","space","j","NA","space","NA","NA","NA","NA","NA","f","f","space","NA","NA","NA","NA","space","NA","NA","NA","656","NA","35189","NA","NA","NA","NA","NA","4629","12872","1388","NA","16899","NA","NA","NA","NA","NA","656","721","7935","NA","NA","NA","NA","104010","NA","NA","NA","2","legacy","no","1024","2","48000","-16","EXP","96","even","Yes","no","NA","27180","2823","495371","254110","NA","131194","NA","NA","NA","NA","NA","2824","26401","NA","27169","NA","NA","NA","NA","NA","27169","492248","492313","166393","261469","221208","254108","221208","221208","166393","496374","496375","255113","255114","492313","496375","492314","493705","492315","NA","NA","509249","259745","NA","261500","NA","NA","NA","NA","NA","509750","260246","509750","260246","510409","260969","NA","182921","NA","220681","510909","466168","NA","278410","166393","261498","495369","27180","278410","NA","NA","NA","27182","NA","NA","NA","278410","Orientation_PSA2018","5","26606","9","yes","1024"
"5186","ENG_LIST4.csv","F","F","ENG_Prac1.csv","Chad had bought a new shirt that his wife didn't like.","skirt.jpg","V","54.5454545455","54.5454545455","[5, 11, 14, 18, 21, 26, 30, 33, 37, 43, 47]","2652.09090909","2652.09090909","#ffffff","yes","legacy","legacy","legacy","0","uniform","1","undefined","0","0","1","undefined","1","1","undefined","6","f","0","0","0","28","10","0","0","0","0","0","0","0","0","0","0","0","0","0","0","0","0","0","28","5","0","10","2","10","2","2","0","28","28","10","10","5","28","5","5","5","5","0","28","10","0","0","0","0","0","0","0","28","10","28","10","28","10","28","10","28","10","34","0","28","0","0","0","28","0","0","0","0","0","0","0","0","0","0","10/02/19 12:47:22","no","Matching Tasks","yes","","yes","OrientationCrossLanguages_2018PSA_SP_1.2.4.osexp","C:/Users/user/Documents/PSA scripts - Alicia","no","chinese-japanese-korean","no","18","no","#0000ff","no","English","yes","768","no","legacy","28","3","5","28","C:/Users/user/Documents/PSA scripts - Alicia/Participant Data/MYS_004_SP_96.csv","legacy","no","Kafkaesque Koffka","3.2.8","no","The todler rode his tricycle around and around.","0","0","f","NA","space","NA","NA","NA","NA","NA","space","space","j","NA","space","NA","NA","NA","NA","NA","f","f","space","NA","NA","NA","NA","space","NA","NA","NA","690","NA","35189","NA","NA","NA","NA","NA","4629","1877","1388","NA","16899","NA","NA","NA","NA","NA","690","721","7935","NA","NA","NA","NA","104010","NA","NA","NA","2","legacy","no","1024","2","48000","-16","EXP","96","even","Yes","no","NA","27180","2823","511056","254110","NA","131194","NA","NA","NA","NA","NA","2824","26401","NA","27169","NA","NA","NA","NA","NA","27169","492248","492313","166393","261469","221208","254108","221208","221208","166393","512057","512057","255113","255114","492313","512057","492314","493705","492315","NA","NA","513936","259745","NA","261500","NA","NA","NA","NA","NA","514437","260246","514437","260246","515128","260969","NA","182921","NA","220681","515628","466168","NA","278410","166393","261498","511054","27180","278410","NA","NA","NA","27182","NA","NA","NA","278410","Orientation_PSA2018","6","29173","11","yes","1024"
"5186","ENG_LIST4.csv","F","F","ENG_Prac1.csv","Because the roads were icy, Jeff decided to work at home today.","tlphon.jpg","V","53.8461538462","53.8461538462","[5, 11, 14, 18, 21, 26, 30, 33, 37, 43, 47]","2466.46153846","2466.46153846","#ffffff","yes","legacy","legacy","legacy","0","uniform","1","undefined","0","0","1","undefined","1","1","undefined","6","f","0","0","0","29","10","0","0","0","0","0","0","0","0","0","0","0","0","0","0","0","0","0","29","5","0","10","2","10","2","2","0","29","29","10","10","5","29","5","5","5","5","0","29","10","0","0","0","0","0","0","0","29","10","29","10","29","10","29","10","29","10","35","0","29","0","0","0","29","0","0","0","0","0","0","0","0","0","0","10/02/19 12:47:22","no","Matching Tasks","yes","","yes","OrientationCrossLanguages_2018PSA_SP_1.2.4.osexp","C:/Users/user/Documents/PSA scripts - Alicia","no","chinese-japanese-korean","no","18","no","#0000ff","no","English","yes","768","no","legacy","29","3","5","29","C:/Users/user/Documents/PSA scripts - Alicia/Participant Data/MYS_004_SP_96.csv","legacy","no","Kafkaesque Koffka","3.2.8","no","The todler rode his tricycle around and around.","0","0","f","NA","space","NA","NA","NA","NA","NA","space","space","j","NA","space","NA","NA","NA","NA","NA","f","f","space","NA","NA","NA","NA","space","NA","NA","NA","609","NA","35189","NA","NA","NA","NA","NA","4629","2282","1388","NA","16899","NA","NA","NA","NA","NA","609","721","7935","NA","NA","NA","NA","104010","NA","NA","NA","2","legacy","no","1024","2","48000","-16","EXP","96","even","Yes","no","NA","27180","2823","515771","254110","NA","131194","NA","NA","NA","NA","NA","2824","26401","NA","27169","NA","NA","NA","NA","NA","27169","492248","492313","166393","261469","221208","254108","221208","221208","166393","516773","516773","255113","255114","492313","516773","492314","493705","492315","NA","NA","519057","259745","NA","261500","NA","NA","NA","NA","NA","519558","260246","519558","260246","520169","260969","NA","182921","NA","220681","520669","466168","NA","278410","166393","261498","515770","27180","278410","NA","NA","NA","27182","NA","NA","NA","278410","Orientation_PSA2018","7","32064","13","yes","1024"
"5186","ENG_LIST4.csv","F","F","ENG_Prac1.csv","Ted showed off his new motor cycle to his friends.","spider.jpg","V","53.3333333333","53.3333333333","[5, 11, 14, 18, 21, 26, 30, 33, 37, 43, 47]","2377","2377","#ffffff","yes","legacy","legacy","legacy","0","uniform","1","undefined","0","0","1","undefined","1","1","undefined","6","f","0","0","0","30","10","0","0","0","0","0","0","0","0","0","0","0","0","0","0","0","0","0","30","5","0","10","2","10","2","2","0","30","30","10","10","5","30","5","5","5","5","0","30","10","0","0","0","0","0","0","0","30","10","30","10","30","10","30","10","30","10","36","0","30","0","0","0","30","0","0","0","0","0","0","0","0","0","0","10/02/19 12:47:22","no","Matching Tasks","yes","","yes","OrientationCrossLanguages_2018PSA_SP_1.2.4.osexp","C:/Users/user/Documents/PSA scripts - Alicia","no","chinese-japanese-korean","no","18","no","#0000ff","no","English","yes","768","no","legacy","30","3","5","30","C:/Users/user/Documents/PSA scripts - Alicia/Participant Data/MYS_004_SP_96.csv","legacy","no","Kafkaesque Koffka","3.2.8","no","The todler rode his tricycle around and around.","0","0","f","NA","space","NA","NA","NA","NA","NA","space","space","j","NA","space","NA","NA","NA","NA","NA","f","f","space","NA","NA","NA","NA","space","NA","NA","NA","513","NA","35189","NA","NA","NA","NA","NA","4629","3078","1388","NA","16899","NA","NA","NA","NA","NA","513","721","7935","NA","NA","NA","NA","104010","NA","NA","NA","2","legacy","no","1024","2","48000","-16","EXP","96","even","Yes","no","NA","27180","2823","520805","254110","NA","131194","NA","NA","NA","NA","NA","2824","26401","NA","27169","NA","NA","NA","NA","NA","27169","492248","492313","166393","261469","221208","254108","221208","221208","166393","521808","521809","255113","255114","492313","521809","492314","493705","492315","NA","NA","524889","259745","NA","261500","NA","NA","NA","NA","NA","525390","260246","525390","260246","525905","260969","NA","182921","NA","220681","526405","466168","NA","278410","166393","261498","520803","27180","278410","NA","NA","NA","27182","NA","NA","NA","278410","Orientation_PSA2018","8","35655","15","yes","1024"
"5186","ENG_LIST4.csv","F","F","ENG_Prac1.csv","Ted showed off his new motor cycle to his friends.","spider.jpg","M","56.25","56.25","[5, 11, 14, 18, 21, 26, 30, 33, 37, 43, 47]","2356.125","2356.125","#ffffff","yes","legacy","legacy","legacy","0","uniform","1","undefined","0","0","1","undefined","1","1","undefined","6","j","0","0","0","30","10","0","0","0","0","0","0","0","0","0","0","0","0","0","0","0","0","0","30","6","0","10","2","10","2","2","0","30","30","10","10","6","30","6","6","6","6","0","30","10","0","0","0","0","0","0","0","30","10","30","10","30","10","30","10","30","10","37","0","30","0","0","0","30","0","0","0","0","0","0","0","0","0","0","10/02/19 12:47:22","no","Matching Tasks","yes","","yes","OrientationCrossLanguages_2018PSA_SP_1.2.4.osexp","C:/Users/user/Documents/PSA scripts - Alicia","no","chinese-japanese-korean","no","18","no","#0000ff","no","English","yes","768","no","legacy","0","3","5","30","C:/Users/user/Documents/PSA scripts - Alicia/Participant Data/MYS_004_SP_96.csv","legacy","no","Kafkaesque Koffka","3.2.8","no","Because the roads were icy, Jeff decided to work at home today.","0","0","j","NA","space","NA","NA","NA","NA","NA","space","space","j","NA","space","NA","NA","NA","NA","NA","f","f","space","NA","NA","NA","NA","space","NA","NA","NA","2043","NA","35189","NA","NA","NA","NA","NA","4629","3078","2043","NA","16899","NA","NA","NA","NA","NA","513","721","7935","NA","NA","NA","NA","104010","NA","NA","NA","2","legacy","no","1024","2","48000","-16","EXP","96","even","Yes","no","NA","27180","2823","520805","254110","NA","131194","NA","NA","NA","NA","NA","2824","26401","NA","27169","NA","NA","NA","NA","NA","27169","526446","526513","166393","261469","221208","254108","221208","221208","166393","521808","521809","255113","255114","526514","521809","526515","528560","526515","NA","NA","524889","259745","NA","261500","NA","NA","NA","NA","NA","525390","260246","525390","260246","525905","260969","NA","182921","NA","220681","530060","466168","NA","278410","166393","261498","520803","27180","278410","NA","NA","NA","27182","NA","NA","NA","278410","Orientation_PSA2018","9","37698","16","yes","1024"
"5186","ENG_LIST4.csv","F","F","ENG_Prac1.csv","The janitor replaced the battery in the fire alarm.","ladder.jpg","V","55.5555555556","55.5555555556","[5, 11, 14, 18, 21, 26, 30, 33, 37, 43, 47]","2385.61111111","2385.61111111","#ffffff","yes","legacy","legacy","legacy","0","uniform","1","undefined","0","0","1","undefined","1","1","undefined","6","f","0","0","0","31","10","0","0","0","0","0","0","0","0","0","0","0","0","0","0","0","0","0","31","6","0","10","2","10","2","2","0","31","31","10","10","6","31","6","6","6","6","0","31","10","0","0","0","0","0","0","0","31","10","31","10","31","10","31","10","31","10","38","0","31","0","0","0","31","0","0","0","0","0","0","0","0","0","0","10/02/19 12:47:22","no","Matching Tasks","yes","","yes","OrientationCrossLanguages_2018PSA_SP_1.2.4.osexp","C:/Users/user/Documents/PSA scripts - Alicia","no","chinese-japanese-korean","no","18","no","#0000ff","no","English","yes","768","no","legacy","31","3","5","31","C:/Users/user/Documents/PSA scripts - Alicia/Participant Data/MYS_004_SP_96.csv","legacy","no","Kafkaesque Koffka","3.2.8","no","Because the roads were icy, Jeff decided to work at home today.","0","0","f","NA","space","NA","NA","NA","NA","NA","space","space","j","NA","space","NA","NA","NA","NA","NA","f","f","space","NA","NA","NA","NA","space","NA","NA","NA","1063","NA","35189","NA","NA","NA","NA","NA","4629","4180","2043","NA","16899","NA","NA","NA","NA","NA","1063","721","7935","NA","NA","NA","NA","104010","NA","NA","NA","2","legacy","no","1024","2","48000","-16","EXP","96","even","Yes","no","NA","27180","2823","530206","254110","NA","131194","NA","NA","NA","NA","NA","2824","26401","NA","27169","NA","NA","NA","NA","NA","27169","526446","526513","166393","261469","221208","254108","221208","221208","166393","531211","531211","255113","255114","526514","531211","526515","528560","526515","NA","NA","535393","259745","NA","261500","NA","NA","NA","NA","NA","535896","260246","535896","260246","536961","260969","NA","182921","NA","220681","537461","466168","NA","278410","166393","261498","530205","27180","278410","NA","NA","NA","27182","NA","NA","NA","278410","Orientation_PSA2018","10","42941","18","yes","1024"
"5186","ENG_LIST4.csv","F","F","ENG_Prac1.csv","A turtle was resting on a log across the pond.","pumpkin.jpg","V","55","55","[5, 11, 14, 18, 21, 26, 30, 33, 37, 43, 47]","2387.6","2387.6","#ffffff","yes","legacy","legacy","legacy","0","uniform","1","undefined","0","0","1","undefined","1","1","undefined","6","f","0","0","0","32","10","0","0","0","0","0","0","0","0","0","0","0","0","0","0","0","0","0","32","6","0","10","2","10","2","2","0","32","32","10","10","6","32","6","6","6","6","0","32","10","0","0","0","0","0","0","0","32","10","32","10","32","10","32","10","32","10","39","0","32","0","0","0","32","0","0","0","0","0","0","0","0","0","0","10/02/19 12:47:22","no","Matching Tasks","yes","","yes","OrientationCrossLanguages_2018PSA_SP_1.2.4.osexp","C:/Users/user/Documents/PSA scripts - Alicia","no","chinese-japanese-korean","no","18","no","#0000ff","no","English","yes","768","no","legacy","32","3","5","32","C:/Users/user/Documents/PSA scripts - Alicia/Participant Data/MYS_004_SP_96.csv","legacy","no","Kafkaesque Koffka","3.2.8","no","Because the roads were icy, Jeff decided to work at home today.","0","0","f","NA","space","NA","NA","NA","NA","NA","space","space","j","NA","space","NA","NA","NA","NA","NA","f","f","space","NA","NA","NA","NA","space","NA","NA","NA","656","NA","35189","NA","NA","NA","NA","NA","4629","4155","2043","NA","16899","NA","NA","NA","NA","NA","656","721","7935","NA","NA","NA","NA","104010","NA","NA","NA","2","legacy","no","1024","2","48000","-16","EXP","96","even","Yes","no","NA","27180","2823","537607","254110","NA","131194","NA","NA","NA","NA","NA","2824","26401","NA","27169","NA","NA","NA","NA","NA","27169","526446","526513","166393","261469","221208","254108","221208","221208","166393","538611","538611","255113","255114","526514","538611","526515","528560","526515","NA","NA","542768","259745","NA","261500","NA","NA","NA","NA","NA","543270","260246","543271","260246","543929","260969","NA","182921","NA","220681","544429","466168","NA","278410","166393","261498","537605","27180","278410","NA","NA","NA","27182","NA","NA","NA","278410","Orientation_PSA2018","11","47752","20","yes","1024"
"5186","ENG_LIST4.csv","N","H","ENG_Prac1.csv","Mick strummed his guitar as he warmed up for the concert.","guitarV.jpg","V","54.5454545455","54.5454545455","[5, 11, 14, 18, 21, 26, 30, 33, 37, 43, 47]","2339.90909091","2339.90909091","#ffffff","yes","legacy","legacy","legacy","0","uniform","1","undefined","0","0","1","undefined","1","1","undefined","6","j","0","0","0","33","10","0","0","0","0","0","0","0","0","0","0","0","0","0","0","0","0","0","33","6","0","10","2","10","2","2","0","33","33","10","10","6","33","6","6","6","6","0","33","10","0","0","0","0","0","0","0","33","10","33","10","33","10","33","10","33","10","40","0","33","0","0","0","33","0","0","0","0","0","0","0","0","0","0","10/02/19 12:47:22","no","Matching Tasks","yes","","yes","OrientationCrossLanguages_2018PSA_SP_1.2.4.osexp","C:/Users/user/Documents/PSA scripts - Alicia","no","chinese-japanese-korean","no","18","no","#0000ff","no","English","yes","768","no","legacy","33","3","5","33","C:/Users/user/Documents/PSA scripts - Alicia/Participant Data/MYS_004_SP_96.csv","legacy","no","Kafkaesque Koffka","3.2.8","no","Because the roads were icy, Jeff decided to work at home today.","0","0","j","NA","space","NA","NA","NA","NA","NA","space","space","j","NA","space","NA","NA","NA","NA","NA","j","f","space","NA","NA","NA","NA","space","NA","NA","NA","694","NA","35189","NA","NA","NA","NA","NA","4629","3032","2043","NA","16899","NA","NA","NA","NA","NA","694","721","7935","NA","NA","NA","NA","104010","NA","NA","NA","2","legacy","no","1024","2","48000","-16","EXP","96","even","Yes","no","NA","27180","2823","544573","254110","NA","131194","NA","NA","NA","NA","NA","2824","26401","NA","27169","NA","NA","NA","NA","NA","27169","526446","526513","166393","261469","221208","254108","221208","221208","166393","545575","545575","255113","255114","526514","545575","526515","528560","526515","NA","NA","548609","259745","NA","261500","NA","NA","NA","NA","NA","549112","260246","549113","260246","549809","260969","NA","182921","NA","220681","550309","466168","NA","278410","166393","261498","544572","27180","278410","NA","NA","NA","27182","NA","NA","NA","278410","Orientation_PSA2018","12","51478","22","yes","1024"
"5186","ENG_LIST4.csv","N","H","ENG_Prac1.csv","Mick strummed his guitar as he warmed up for the concert.","guitarV.jpg","M","56.5217391304","56.5217391304","[5, 11, 14, 18, 21, 26, 30, 33, 37, 43, 47]","2300.17391304","2300.17391304","#ffffff","yes","legacy","legacy","legacy","0","uniform","1","undefined","0","0","1","undefined","1","1","undefined","6","j","0","0","0","33","10","0","0","0","0","0","0","0","0","0","0","0","0","0","0","0","0","0","33","7","0","10","2","10","2","2","0","33","33","10","10","7","33","7","7","7","7","0","33","10","0","0","0","0","0","0","0","33","10","33","10","33","10","33","10","33","10","41","0","33","0","0","0","33","0","0","0","0","0","0","0","0","0","0","10/02/19 12:47:22","no","Matching Tasks","yes","","yes","OrientationCrossLanguages_2018PSA_SP_1.2.4.osexp","C:/Users/user/Documents/PSA scripts - Alicia","no","chinese-japanese-korean","no","18","no","#0000ff","no","English","yes","768","no","legacy","0","3","5","33","C:/Users/user/Documents/PSA scripts - Alicia/Participant Data/MYS_004_SP_96.csv","legacy","no","Kafkaesque Koffka","3.2.8","no","A turtle was resting on a log across the pond.","0","0","j","NA","space","NA","NA","NA","NA","NA","space","space","j","NA","space","NA","NA","NA","NA","NA","j","f","space","NA","NA","NA","NA","space","NA","NA","NA","1426","NA","35189","NA","NA","NA","NA","NA","4629","3032","1426","NA","16899","NA","NA","NA","NA","NA","694","721","7935","NA","NA","NA","NA","104010","NA","NA","NA","2","legacy","no","1024","2","48000","-16","EXP","96","even","Yes","no","NA","27180","2823","544573","254110","NA","131194","NA","NA","NA","NA","NA","2824","26401","NA","27169","NA","NA","NA","NA","NA","27169","550341","550412","166393","261469","221208","254108","221208","221208","166393","545575","545575","255113","255114","550412","545575","550413","551841","550413","NA","NA","548609","259745","NA","261500","NA","NA","NA","NA","NA","549112","260246","549113","260246","549809","260969","NA","182921","NA","220681","553341","466168","NA","278410","166393","261498","544572","27180","278410","NA","NA","NA","27182","NA","NA","NA","278410","Orientation_PSA2018","13","52904","23","yes","1024"
"5186","ENG_LIST4.csv","N","V","ENG_Prac1.csv","Jessica stuck the bottle in the ice, anticipating a romantic evening.","bottleH.jpg","V","56","56","[5, 11, 14, 18, 21, 26, 30, 33, 37, 43, 47]","2366.76","2366.76","#ffffff","yes","legacy","legacy","legacy","0","uniform","1","undefined","0","0","1","undefined","1","1","undefined","6","j","0","0","0","34","10","0","0","0","0","0","0","0","0","0","0","0","0","0","0","0","0","0","34","7","0","10","2","10","2","2","0","34","34","10","10","7","34","7","7","7","7","0","34","10","0","0","0","0","0","0","0","34","10","34","10","34","10","34","10","34","10","42","0","34","0","0","0","34","0","0","0","0","0","0","0","0","0","0","10/02/19 12:47:22","no","Matching Tasks","yes","","yes","OrientationCrossLanguages_2018PSA_SP_1.2.4.osexp","C:/Users/user/Documents/PSA scripts - Alicia","no","chinese-japanese-korean","no","18","no","#0000ff","no","English","yes","768","no","legacy","34","3","5","34","C:/Users/user/Documents/PSA scripts - Alicia/Participant Data/MYS_004_SP_96.csv","legacy","no","Kafkaesque Koffka","3.2.8","no","A turtle was resting on a log across the pond.","0","0","j","NA","space","NA","NA","NA","NA","NA","space","space","j","NA","space","NA","NA","NA","NA","NA","j","f","space","NA","NA","NA","NA","space","NA","NA","NA","510","NA","35189","NA","NA","NA","NA","NA","4629","5755","1426","NA","16899","NA","NA","NA","NA","NA","510","721","7935","NA","NA","NA","NA","104010","NA","NA","NA","2","legacy","no","1024","2","48000","-16","EXP","96","even","Yes","no","NA","27180","2823","553491","254110","NA","131194","NA","NA","NA","NA","NA","2824","26401","NA","27169","NA","NA","NA","NA","NA","27169","550341","550412","166393","261469","221208","254108","221208","221208","166393","554492","554492","255113","255114","550412","554492","550413","551841","550413","NA","NA","560249","259745","NA","261500","NA","NA","NA","NA","NA","560752","260246","560752","260246","561265","260969","NA","182921","NA","220681","561765","466168","NA","278410","166393","261498","553489","27180","278410","NA","NA","NA","27182","NA","NA","NA","278410","Orientation_PSA2018","14","59169","25","yes","1024"
"5186","ENG_LIST4.csv","N","H","ENG_Prac1.csv","The waiter knocked over the wineglass while admiring Maureen's gown.","glassV.jpg","V","55.5555555556","55.5555555556","[5, 11, 14, 18, 21, 26, 30, 33, 37, 43, 47]","2355.37037037","2355.37037037","#ffffff","yes","legacy","legacy","legacy","0","uniform","1","undefined","0","0","1","undefined","1","1","undefined","6","j","0","0","0","35","10","0","0","0","0","0","0","0","0","0","0","0","0","0","0","0","0","0","35","7","0","10","2","10","2","2","0","35","35","10","10","7","35","7","7","7","7","0","35","10","0","0","0","0","0","0","0","35","10","35","10","35","10","35","10","35","10","43","0","35","0","0","0","35","0","0","0","0","0","0","0","0","0","0","10/02/19 12:47:22","no","Matching Tasks","yes","","yes","OrientationCrossLanguages_2018PSA_SP_1.2.4.osexp","C:/Users/user/Documents/PSA scripts - Alicia","no","chinese-japanese-korean","no","18","no","#0000ff","no","English","yes","768","no","legacy","35","3","5","35","C:/Users/user/Documents/PSA scripts - Alicia/Participant Data/MYS_004_SP_96.csv","legacy","no","Kafkaesque Koffka","3.2.8","no","A turtle was resting on a log across the pond.","0","0","j","NA","space","NA","NA","NA","NA","NA","space","space","j","NA","space","NA","NA","NA","NA","NA","j","f","space","NA","NA","NA","NA","space","NA","NA","NA","552","NA","35189","NA","NA","NA","NA","NA","4629","3874","1426","NA","16899","NA","NA","NA","NA","NA","552","721","7935","NA","NA","NA","NA","104010","NA","NA","NA","2","legacy","no","1024","2","48000","-16","EXP","96","even","Yes","no","NA","27180","2823","561907","254110","NA","131194","NA","NA","NA","NA","NA","2824","26401","NA","27169","NA","NA","NA","NA","NA","27169","550341","550412","166393","261469","221208","254108","221208","221208","166393","562908","562908","255113","255114","550412","562908","550413","551841","550413","NA","NA","566784","259745","NA","261500","NA","NA","NA","NA","NA","567287","260246","567287","260246","567841","260969","NA","182921","NA","220681","568341","466168","NA","278410","166393","261498","561905","27180","278410","NA","NA","NA","27182","NA","NA","NA","278410","Orientation_PSA2018","15","63595","27","yes","1024"
"5186","ENG_LIST4.csv","F","F","ENG_Prac1.csv","The monkey effortlessly climbed up the tree to eat his banana.","wrench.jpg","V","55.1724137931","55.1724137931","[5, 11, 14, 18, 21, 26, 30, 33, 37, 43, 47]","2305.4137931","2305.4137931","#ffffff","yes","legacy","legacy","legacy","0","uniform","1","undefined","0","0","1","undefined","1","1","undefined","6","f","0","0","0","36","10","0","0","0","0","0","0","0","0","0","0","0","0","0","0","0","0","0","36","7","0","10","2","10","2","2","0","36","36","10","10","7","36","7","7","7","7","0","36","10","0","0","0","0","0","0","0","36","10","36","10","36","10","36","10","36","10","44","0","36","0","0","0","36","0","0","0","0","0","0","0","0","0","0","10/02/19 12:47:22","no","Matching Tasks","yes","","yes","OrientationCrossLanguages_2018PSA_SP_1.2.4.osexp","C:/Users/user/Documents/PSA scripts - Alicia","no","chinese-japanese-korean","no","18","no","#0000ff","no","English","yes","768","no","legacy","36","3","5","36","C:/Users/user/Documents/PSA scripts - Alicia/Participant Data/MYS_004_SP_96.csv","legacy","no","Kafkaesque Koffka","3.2.8","no","A turtle was resting on a log across the pond.","0","0","f","NA","space","NA","NA","NA","NA","NA","space","space","j","NA","space","NA","NA","NA","NA","NA","f","f","space","NA","NA","NA","NA","space","NA","NA","NA","655","NA","35189","NA","NA","NA","NA","NA","4629","2607","1426","NA","16899","NA","NA","NA","NA","NA","655","721","7935","NA","NA","NA","NA","104010","NA","NA","NA","2","legacy","no","1024","2","48000","-16","EXP","96","even","Yes","no","NA","27180","2823","568509","254110","NA","131194","NA","NA","NA","NA","NA","2824","26401","NA","27169","NA","NA","NA","NA","NA","27169","550341","550412","166393","261469","221208","254108","221208","221208","166393","569511","569511","255113","255114","550412","569511","550413","551841","550413","NA","NA","572121","259745","NA","261500","NA","NA","NA","NA","NA","572623","260246","572623","260246","573281","260969","NA","182921","NA","220681","573781","466168","NA","278410","166393","261498","568508","27180","278410","NA","NA","NA","27182","NA","NA","NA","278410","Orientation_PSA2018","16","66857","29","yes","1024"
"5186","ENG_LIST4.csv","Y","H","ENG_Prac1.csv","The young husband prepared to place the spare tire into the trunk.","tireH.jpg","V","54.8387096774","54.8387096774","[5, 11, 14, 18, 21, 26, 30, 33, 37, 43, 47]","2300.96774194","2300.96774194","#ffffff","yes","legacy","legacy","legacy","0","uniform","1","undefined","0","0","1","undefined","1","1","undefined","6","j","0","0","0","37","10","0","0","0","0","0","0","0","0","0","0","0","0","0","0","0","0","0","37","7","0","10","2","10","2","2","0","37","37","10","10","7","37","7","7","7","7","0","37","10","0","0","0","0","0","0","0","37","10","37","10","37","10","37","10","37","10","45","0","37","0","0","0","37","0","0","0","0","0","0","0","0","0","0","10/02/19 12:47:22","no","Matching Tasks","yes","","yes","OrientationCrossLanguages_2018PSA_SP_1.2.4.osexp","C:/Users/user/Documents/PSA scripts - Alicia","no","chinese-japanese-korean","no","18","no","#0000ff","no","English","yes","768","no","legacy","37","3","5","37","C:/Users/user/Documents/PSA scripts - Alicia/Participant Data/MYS_004_SP_96.csv","legacy","no","Kafkaesque Koffka","3.2.8","no","A turtle was resting on a log across the pond.","0","0","j","NA","space","NA","NA","NA","NA","NA","space","space","j","NA","space","NA","NA","NA","NA","NA","j","f","space","NA","NA","NA","NA","space","NA","NA","NA","697","NA","35189","NA","NA","NA","NA","NA","4629","3776","1426","NA","16899","NA","NA","NA","NA","NA","697","721","7935","NA","NA","NA","NA","104010","NA","NA","NA","2","legacy","no","1024","2","48000","-16","EXP","96","even","Yes","no","NA","27180","2823","573921","254110","NA","131194","NA","NA","NA","NA","NA","2824","26401","NA","27169","NA","NA","NA","NA","NA","27169","550341","550412","166393","261469","221208","254108","221208","221208","166393","574925","574926","255113","255114","550412","574926","550413","551841","550413","NA","NA","578704","259745","NA","261500","NA","NA","NA","NA","NA","579205","260246","579205","260246","579905","260969","NA","182921","NA","220681","580405","466168","NA","278410","166393","261498","573920","27180","278410","NA","NA","NA","27182","NA","NA","NA","278410","Orientation_PSA2018","17","71330","31","yes","1024"
"5186","ENG_LIST4.csv","Y","H","ENG_Prac1.csv","The young husband prepared to place the spare tire into the trunk.","tireH.jpg","M","56.25","56.25","[5, 11, 14, 18, 21, 26, 30, 33, 37, 43, 47]","2291.125","2291.125","#ffffff","yes","legacy","legacy","legacy","0","uniform","1","undefined","0","0","1","undefined","1","1","undefined","6","j","0","0","0","37","10","0","0","0","0","0","0","0","0","0","0","0","0","0","0","0","0","0","37","8","0","10","2","10","2","2","0","37","37","10","10","8","37","8","8","8","8","0","37","10","0","0","0","0","0","0","0","37","10","37","10","37","10","37","10","37","10","46","0","37","0","0","0","37","0","0","0","0","0","0","0","0","0","0","10/02/19 12:47:22","no","Matching Tasks","yes","","yes","OrientationCrossLanguages_2018PSA_SP_1.2.4.osexp","C:/Users/user/Documents/PSA scripts - Alicia","no","chinese-japanese-korean","no","18","no","#0000ff","no","English","yes","768","no","legacy","0","3","5","37","C:/Users/user/Documents/PSA scripts - Alicia/Participant Data/MYS_004_SP_96.csv","legacy","no","Kafkaesque Koffka","3.2.8","no","The waiter knocked over the wineglass while admiring Maureen's gown.","0","0","j","NA","space","NA","NA","NA","NA","NA","space","space","j","NA","space","NA","NA","NA","NA","NA","j","f","space","NA","NA","NA","NA","space","NA","NA","NA","1986","NA","35189","NA","NA","NA","NA","NA","4629","3776","1986","NA","16899","NA","NA","NA","NA","NA","697","721","7935","NA","NA","NA","NA","104010","NA","NA","NA","2","legacy","no","1024","2","48000","-16","EXP","96","even","Yes","no","NA","27180","2823","573921","254110","NA","131194","NA","NA","NA","NA","NA","2824","26401","NA","27169","NA","NA","NA","NA","NA","27169","580434","580515","166393","261469","221208","254108","221208","221208","166393","574925","574926","255113","255114","580515","574926","580516","582504","580516","NA","NA","578704","259745","NA","261500","NA","NA","NA","NA","NA","579205","260246","579205","260246","579905","260969","NA","182921","NA","220681","584004","466168","NA","278410","166393","261498","573920","27180","278410","NA","NA","NA","27182","NA","NA","NA","278410","Orientation_PSA2018","18","73316","32","yes","1024"
"5186","ENG_LIST4.csv","Y","V","ENG_Prac1.csv","The hunter shone the flashlight onto the floor of the cavern.","flashV.jpg","V","55.8823529412","55.8823529412","[5, 11, 14, 18, 21, 26, 30, 33, 37, 43, 47]","2276.11764706","2276.11764706","#ffffff","yes","legacy","legacy","legacy","0","uniform","1","undefined","0","0","1","undefined","1","1","undefined","6","j","0","0","0","38","10","0","0","0","0","0","0","0","0","0","0","0","0","0","0","0","0","0","38","8","0","10","2","10","2","2","0","38","38","10","10","8","38","8","8","8","8","0","38","10","0","0","0","0","0","0","0","38","10","38","10","38","10","38","10","38","10","47","0","38","0","0","0","38","0","0","0","0","0","0","0","0","0","0","10/02/19 12:47:22","no","Matching Tasks","yes","","yes","OrientationCrossLanguages_2018PSA_SP_1.2.4.osexp","C:/Users/user/Documents/PSA scripts - Alicia","no","chinese-japanese-korean","no","18","no","#0000ff","no","English","yes","768","no","legacy","38","3","5","38","C:/Users/user/Documents/PSA scripts - Alicia/Participant Data/MYS_004_SP_96.csv","legacy","no","Kafkaesque Koffka","3.2.8","no","The waiter knocked over the wineglass while admiring Maureen's gown.","0","0","j","NA","space","NA","NA","NA","NA","NA","space","space","j","NA","space","NA","NA","NA","NA","NA","j","f","space","NA","NA","NA","NA","space","NA","NA","NA","591","NA","35189","NA","NA","NA","NA","NA","4629","3481","1986","NA","16899","NA","NA","NA","NA","NA","591","721","7935","NA","NA","NA","NA","104010","NA","NA","NA","2","legacy","no","1024","2","48000","-16","EXP","96","even","Yes","no","NA","27180","2823","584234","254110","NA","131194","NA","NA","NA","NA","NA","2824","26401","NA","27169","NA","NA","NA","NA","NA","27169","580434","580515","166393","261469","221208","254108","221208","221208","166393","585237","585238","255113","255114","580515","585238","580516","582504","580516","NA","NA","588721","259745","NA","261500","NA","NA","NA","NA","NA","589224","260246","589224","260246","589817","260969","NA","182921","NA","220681","590317","466168","NA","278410","166393","261498","584232","27180","278410","NA","NA","NA","27182","NA","NA","NA","278410","Orientation_PSA2018","19","77388","34","yes","1024"
"5186","ENG_LIST4.csv","F","F","ENG_Prac1.csv","Clarissa hoped that she would get a red bike for her birthday.","trmpet.jpg","V","55.5555555556","55.5555555556","[5, 11, 14, 18, 21, 26, 30, 33, 37, 43, 47]","2232.55555556","2232.55555556","#ffffff","yes","legacy","legacy","legacy","0","uniform","1","undefined","0","0","1","undefined","1","1","undefined","6","f","0","0","0","39","10","0","0","0","0","0","0","0","0","0","0","0","0","0","0","0","0","0","39","8","0","10","2","10","2","2","0","39","39","10","10","8","39","8","8","8","8","0","39","10","0","0","0","0","0","0","0","39","10","39","10","39","10","39","10","39","10","48","0","39","0","0","0","39","0","0","0","0","0","0","0","0","0","0","10/02/19 12:47:22","no","Matching Tasks","yes","","yes","OrientationCrossLanguages_2018PSA_SP_1.2.4.osexp","C:/Users/user/Documents/PSA scripts - Alicia","no","chinese-japanese-korean","no","18","no","#0000ff","no","English","yes","768","no","legacy","39","3","5","39","C:/Users/user/Documents/PSA scripts - Alicia/Participant Data/MYS_004_SP_96.csv","legacy","no","Kafkaesque Koffka","3.2.8","no","The waiter knocked over the wineglass while admiring Maureen's gown.","0","0","f","NA","space","NA","NA","NA","NA","NA","space","space","j","NA","space","NA","NA","NA","NA","NA","f","f","space","NA","NA","NA","NA","space","NA","NA","NA","586","NA","35189","NA","NA","NA","NA","NA","4629","2398","1986","NA","16899","NA","NA","NA","NA","NA","586","721","7935","NA","NA","NA","NA","104010","NA","NA","NA","2","legacy","no","1024","2","48000","-16","EXP","96","even","Yes","no","NA","27180","2823","590463","254110","NA","131194","NA","NA","NA","NA","NA","2824","26401","NA","27169","NA","NA","NA","NA","NA","27169","580434","580515","166393","261469","221208","254108","221208","221208","166393","591464","591464","255113","255114","580515","591464","580516","582504","580516","NA","NA","593864","259745","NA","261500","NA","NA","NA","NA","NA","594365","260246","594365","260246","594953","260969","NA","182921","NA","220681","595453","466168","NA","278410","166393","261498","590461","27180","278410","NA","NA","NA","27182","NA","NA","NA","278410","Orientation_PSA2018","20","80372","36","yes","1024"
"5186","ENG_LIST4.csv","Y","H","ENG_Prac1.csv","Becca used the scissors to carve her initials into the tree.","scssorH.jpg","V","55.2631578947","55.2631578947","[5, 11, 14, 18, 21, 26, 30, 33, 37, 43, 47]","2201.44736842","2201.44736842","#ffffff","yes","legacy","legacy","legacy","0","uniform","1","undefined","0","0","1","undefined","1","1","undefined","6","j","0","0","0","40","10","0","0","0","0","0","0","0","0","0","0","0","0","0","0","0","0","0","40","8","0","10","2","10","2","2","0","40","40","10","10","8","40","8","8","8","8","0","40","10","0","0","0","0","0","0","0","40","10","40","10","40","10","40","10","40","10","49","0","40","0","0","0","40","0","0","0","0","0","0","0","0","0","0","10/02/19 12:47:22","no","Matching Tasks","yes","","yes","OrientationCrossLanguages_2018PSA_SP_1.2.4.osexp","C:/Users/user/Documents/PSA scripts - Alicia","no","chinese-japanese-korean","no","18","no","#0000ff","no","English","yes","768","no","legacy","40","3","5","40","C:/Users/user/Documents/PSA scripts - Alicia/Participant Data/MYS_004_SP_96.csv","legacy","no","Kafkaesque Koffka","3.2.8","no","The waiter knocked over the wineglass while admiring Maureen's gown.","0","0","j","NA","space","NA","NA","NA","NA","NA","space","space","j","NA","space","NA","NA","NA","NA","NA","j","f","space","NA","NA","NA","NA","space","NA","NA","NA","426","NA","35189","NA","NA","NA","NA","NA","4629","2857","1986","NA","16899","NA","NA","NA","NA","NA","426","721","7935","NA","NA","NA","NA","104010","NA","NA","NA","2","legacy","no","1024","2","48000","-16","EXP","96","even","Yes","no","NA","27180","2823","595601","254110","NA","131194","NA","NA","NA","NA","NA","2824","26401","NA","27169","NA","NA","NA","NA","NA","27169","580434","580515","166393","261469","221208","254108","221208","221208","166393","596604","596604","255113","255114","580515","596605","580516","582504","580516","NA","NA","599464","259745","NA","261500","NA","NA","NA","NA","NA","599965","260246","599965","260246","600393","260969","NA","182921","NA","220681","600893","466168","NA","278410","166393","261498","595599","27180","278410","NA","NA","NA","27182","NA","NA","NA","278410","Orientation_PSA2018","21","83655","38","yes","1024"
"5186","ENG_LIST4.csv","F","F","ENG_Prac1.csv","The excited dog had dropped its bone on the carpet.","mitten.jpg","V","55","55","[5, 11, 14, 18, 21, 26, 30, 33, 37, 43, 47]","2181.425","2181.425","#ffffff","yes","legacy","legacy","legacy","0","uniform","1","undefined","0","0","1","undefined","1","1","undefined","6","f","0","0","0","41","10","0","0","0","0","0","0","0","0","0","0","0","0","0","0","0","0","0","41","8","0","10","2","10","2","2","0","41","41","10","10","8","41","8","8","8","8","0","41","10","0","0","0","0","0","0","0","41","10","41","10","41","10","41","10","41","10","50","0","41","0","0","0","41","0","0","0","0","0","0","0","0","0","0","10/02/19 12:47:22","no","Matching Tasks","yes","","yes","OrientationCrossLanguages_2018PSA_SP_1.2.4.osexp","C:/Users/user/Documents/PSA scripts - Alicia","no","chinese-japanese-korean","no","18","no","#0000ff","no","English","yes","768","no","legacy","41","3","5","41","C:/Users/user/Documents/PSA scripts - Alicia/Participant Data/MYS_004_SP_96.csv","legacy","no","Kafkaesque Koffka","3.2.8","no","The waiter knocked over the wineglass while admiring Maureen's gown.","0","0","f","NA","space","NA","NA","NA","NA","NA","space","space","j","NA","space","NA","NA","NA","NA","NA","f","f","space","NA","NA","NA","NA","space","NA","NA","NA","665","NA","35189","NA","NA","NA","NA","NA","4629","2937","1986","NA","16899","NA","NA","NA","NA","NA","665","721","7935","NA","NA","NA","NA","104010","NA","NA","NA","2","legacy","no","1024","2","48000","-16","EXP","96","even","Yes","no","NA","27180","2823","601037","254110","NA","131194","NA","NA","NA","NA","NA","2824","26401","NA","27169","NA","NA","NA","NA","NA","27169","580434","580515","166393","261469","221208","254108","221208","221208","166393","602038","602038","255113","255114","580515","602038","580516","582504","580516","NA","NA","604977","259745","NA","261500","NA","NA","NA","NA","NA","605478","260246","605478","260246","606145","260969","NA","182921","NA","220681","606646","466168","NA","278410","166393","261498","601036","27180","278410","NA","NA","NA","27182","NA","NA","NA","278410","Orientation_PSA2018","22","87257","40","yes","1024"
"5186","ENG_LIST4.csv","Y","H","ENG_Prac1.csv","The anxious little boy knocked the salt shaker over onto the table.","saltH.jpg","V","54.7619047619","54.7619047619","[5, 11, 14, 18, 21, 26, 30, 33, 37, 43, 47]","2167.28571429","2167.28571429","#ffffff","yes","legacy","legacy","legacy","0","uniform","1","undefined","0","0","1","undefined","1","1","undefined","6","j","0","0","0","42","10","0","0","0","0","0","0","0","0","0","0","0","0","0","0","0","0","0","42","8","0","10","2","10","2","2","0","42","42","10","10","8","42","8","8","8","8","0","42","10","0","0","0","0","0","0","0","42","10","42","10","42","10","42","10","42","10","51","0","42","0","0","0","42","0","0","0","0","0","0","0","0","0","0","10/02/19 12:47:22","no","Matching Tasks","yes","","yes","OrientationCrossLanguages_2018PSA_SP_1.2.4.osexp","C:/Users/user/Documents/PSA scripts - Alicia","no","chinese-japanese-korean","no","18","no","#0000ff","no","English","yes","768","no","legacy","42","3","5","42","C:/Users/user/Documents/PSA scripts - Alicia/Participant Data/MYS_004_SP_96.csv","legacy","no","Kafkaesque Koffka","3.2.8","no","The waiter knocked over the wineglass while admiring Maureen's gown.","0","0","j","NA","space","NA","NA","NA","NA","NA","space","space","j","NA","space","NA","NA","NA","NA","NA","j","f","space","NA","NA","NA","NA","space","NA","NA","NA","614","NA","35189","NA","NA","NA","NA","NA","4629","3155","1986","NA","16899","NA","NA","NA","NA","NA","614","721","7935","NA","NA","NA","NA","104010","NA","NA","NA","2","legacy","no","1024","2","48000","-16","EXP","96","even","Yes","no","NA","27180","2823","606785","254110","NA","131194","NA","NA","NA","NA","NA","2824","26401","NA","27169","NA","NA","NA","NA","NA","27169","580434","580515","166393","261469","221208","254108","221208","221208","166393","607787","607787","255113","255114","580515","607787","580516","582504","580516","NA","NA","610945","259745","NA","261500","NA","NA","NA","NA","NA","611448","260246","611448","260246","612064","260969","NA","182921","NA","220681","612564","466168","NA","278410","166393","261498","606784","27180","278410","NA","NA","NA","27182","NA","NA","NA","278410","Orientation_PSA2018","23","91026","42","yes","1024"
"5186","ENG_LIST4.csv","F","F","ENG_Prac1.csv","The coach threw his water bottle on the ground in anger.","ftball.jpg","V","54.5454545455","54.5454545455","[5, 11, 14, 18, 21, 26, 30, 33, 37, 43, 47]","2168.47727273","2168.47727273","#ffffff","yes","legacy","legacy","legacy","0","uniform","1","undefined","0","0","1","undefined","1","1","undefined","6","f","0","0","0","43","10","0","0","0","0","0","0","0","0","0","0","0","0","0","0","0","0","0","43","8","0","10","2","10","2","2","0","43","43","10","10","8","43","8","8","8","8","0","43","10","0","0","0","0","0","0","0","43","10","43","10","43","10","43","10","43","10","52","0","43","0","0","0","43","0","0","0","0","0","0","0","0","0","0","10/02/19 12:47:22","no","Matching Tasks","yes","","yes","OrientationCrossLanguages_2018PSA_SP_1.2.4.osexp","C:/Users/user/Documents/PSA scripts - Alicia","no","chinese-japanese-korean","no","18","no","#0000ff","no","English","yes","768","no","legacy","43","3","5","43","C:/Users/user/Documents/PSA scripts - Alicia/Participant Data/MYS_004_SP_96.csv","legacy","no","Kafkaesque Koffka","3.2.8","no","The waiter knocked over the wineglass while admiring Maureen's gown.","0","0","f","NA","space","NA","NA","NA","NA","NA","space","space","j","NA","space","NA","NA","NA","NA","NA","f","f","space","NA","NA","NA","NA","space","NA","NA","NA","687","NA","35189","NA","NA","NA","NA","NA","4629","3700","1986","NA","16899","NA","NA","NA","NA","NA","687","721","7935","NA","NA","NA","NA","104010","NA","NA","NA","2","legacy","no","1024","2","48000","-16","EXP","96","even","Yes","no","NA","27180","2823","612697","254110","NA","131194","NA","NA","NA","NA","NA","2824","26401","NA","27169","NA","NA","NA","NA","NA","27169","580434","580515","166393","261469","221208","254108","221208","221208","166393","613698","613699","255113","255114","580515","613699","580516","582504","580516","NA","NA","617401","259745","NA","261500","NA","NA","NA","NA","NA","617904","260246","617904","260246","618593","260969","NA","182921","NA","220681","619093","466168","NA","278410","166393","261498","612695","27180","278410","NA","NA","NA","27182","NA","NA","NA","278410","Orientation_PSA2018","24","95413","44","yes","1024"
"5186","ENG_LIST4.csv","F","F","ENG_Prac1.csv","The coach threw his water bottle on the ground in anger.","ftball.jpg","M","55.5555555556","55.5555555556","[5, 11, 14, 18, 21, 26, 30, 33, 37, 43, 47]","2151.88888889","2151.88888889","#ffffff","yes","legacy","legacy","legacy","0","uniform","1","undefined","0","0","1","undefined","1","1","undefined","6","j","0","0","0","43","10","0","0","0","0","0","0","0","0","0","0","0","0","0","0","0","0","0","43","9","0","10","2","10","2","2","0","43","43","10","10","9","43","9","9","9","9","0","43","10","0","0","0","0","0","0","0","43","10","43","10","43","10","43","10","43","10","53","0","43","0","0","0","43","0","0","0","0","0","0","0","0","0","0","10/02/19 12:47:22","no","Matching Tasks","yes","","yes","OrientationCrossLanguages_2018PSA_SP_1.2.4.osexp","C:/Users/user/Documents/PSA scripts - Alicia","no","chinese-japanese-korean","no","18","no","#0000ff","no","English","yes","768","no","legacy","0","3","5","43","C:/Users/user/Documents/PSA scripts - Alicia/Participant Data/MYS_004_SP_96.csv","legacy","no","Kafkaesque Koffka","3.2.8","no","The anxious little boy knocked the salt shaker over onto the table.","0","0","j","NA","space","NA","NA","NA","NA","NA","space","space","j","NA","space","NA","NA","NA","NA","NA","f","f","space","NA","NA","NA","NA","space","NA","NA","NA","1422","NA","35189","NA","NA","NA","NA","NA","4629","3700","1422","NA","16899","NA","NA","NA","NA","NA","687","721","7935","NA","NA","NA","NA","104010","NA","NA","NA","2","legacy","no","1024","2","48000","-16","EXP","96","even","Yes","no","NA","27180","2823","612697","254110","NA","131194","NA","NA","NA","NA","NA","2824","26401","NA","27169","NA","NA","NA","NA","NA","27169","619123","619182","166393","261469","221208","254108","221208","221208","166393","613698","613699","255113","255114","619182","613699","619184","620608","619184","NA","NA","617401","259745","NA","261500","NA","NA","NA","NA","NA","617904","260246","617904","260246","618593","260969","NA","182921","NA","220681","622108","466168","NA","278410","166393","261498","612695","27180","278410","NA","NA","NA","27182","NA","NA","NA","278410","Orientation_PSA2018","25","96835","45","yes","1024"
"5186","ENG_LIST4.csv","F","F","ENG_Prac1.csv","The photographer told the model to lie down in the sand.","tiger.jpg","V","55.3191489362","55.3191489362","[5, 11, 14, 18, 21, 26, 30, 33, 37, 43, 47]","2114.21276596","2114.21276596","#ffffff","yes","legacy","legacy","legacy","0","uniform","1","undefined","0","0","1","undefined","1","1","undefined","6","f","0","0","0","44","10","0","0","0","0","0","0","0","0","0","0","0","0","0","0","0","0","0","44","9","0","10","2","10","2","2","0","44","44","10","10","9","44","9","9","9","9","0","44","10","0","0","0","0","0","0","0","44","10","44","10","44","10","44","10","44","10","54","0","44","0","0","0","44","0","0","0","0","0","0","0","0","0","0","10/02/19 12:47:22","no","Matching Tasks","yes","","yes","OrientationCrossLanguages_2018PSA_SP_1.2.4.osexp","C:/Users/user/Documents/PSA scripts - Alicia","no","chinese-japanese-korean","no","18","no","#0000ff","no","English","yes","768","no","legacy","44","3","5","44","C:/Users/user/Documents/PSA scripts - Alicia/Participant Data/MYS_004_SP_96.csv","legacy","no","Kafkaesque Koffka","3.2.8","no","The anxious little boy knocked the salt shaker over onto the table.","0","0","f","NA","space","NA","NA","NA","NA","NA","space","space","j","NA","space","NA","NA","NA","NA","NA","f","f","space","NA","NA","NA","NA","space","NA","NA","NA","593","NA","35189","NA","NA","NA","NA","NA","4629","1940","1422","NA","16899","NA","NA","NA","NA","NA","593","721","7935","NA","NA","NA","NA","104010","NA","NA","NA","2","legacy","no","1024","2","48000","-16","EXP","96","even","Yes","no","NA","27180","2823","622272","254110","NA","131194","NA","NA","NA","NA","NA","2824","26401","NA","27169","NA","NA","NA","NA","NA","27169","619123","619182","166393","261469","221208","254108","221208","221208","166393","623273","623273","255113","255114","619182","623274","619184","620608","619184","NA","NA","625216","259745","NA","261500","NA","NA","NA","NA","NA","625717","260246","625717","260246","626313","260969","NA","182921","NA","220681","626813","466168","NA","278410","166393","261498","622271","27180","278410","NA","NA","NA","27182","NA","NA","NA","278410","Orientation_PSA2018","26","99368","47","yes","1024"
"5186","ENG_LIST4.csv","Y","V","ENG_Prac1.csv","The toddler drew a kitty cat with his crayon on his bedroom floor.","crayonV.jpg","V","55.1020408163","55.1020408163","[5, 11, 14, 18, 21, 26, 30, 33, 37, 43, 47]","2109.04081633","2109.04081633","#ffffff","yes","legacy","legacy","legacy","0","uniform","1","undefined","0","0","1","undefined","1","1","undefined","6","j","0","0","0","45","10","0","0","0","0","0","0","0","0","0","0","0","0","0","0","0","0","0","45","9","0","10","2","10","2","2","0","45","45","10","10","9","45","9","9","9","9","0","45","10","0","0","0","0","0","0","0","45","10","45","10","45","10","45","10","45","10","55","0","45","0","0","0","45","0","0","0","0","0","0","0","0","0","0","10/02/19 12:47:22","no","Matching Tasks","yes","","yes","OrientationCrossLanguages_2018PSA_SP_1.2.4.osexp","C:/Users/user/Documents/PSA scripts - Alicia","no","chinese-japanese-korean","no","18","no","#0000ff","no","English","yes","768","no","legacy","45","3","5","45","C:/Users/user/Documents/PSA scripts - Alicia/Participant Data/MYS_004_SP_96.csv","legacy","no","Kafkaesque Koffka","3.2.8","no","The anxious little boy knocked the salt shaker over onto the table.","0","0","j","NA","space","NA","NA","NA","NA","NA","space","space","j","NA","space","NA","NA","NA","NA","NA","j","f","space","NA","NA","NA","NA","space","NA","NA","NA","422","NA","35189","NA","NA","NA","NA","NA","4629","3553","1422","NA","16899","NA","NA","NA","NA","NA","422","721","7935","NA","NA","NA","NA","104010","NA","NA","NA","2","legacy","no","1024","2","48000","-16","EXP","96","even","Yes","no","NA","27180","2823","626969","254110","NA","131194","NA","NA","NA","NA","NA","2824","26401","NA","27169","NA","NA","NA","NA","NA","27169","619123","619182","166393","261469","221208","254108","221208","221208","166393","627972","627973","255113","255114","619182","627973","619184","620608","619184","NA","NA","631529","259745","NA","261500","NA","NA","NA","NA","NA","632032","260246","632032","260246","632457","260969","NA","182921","NA","220681","632957","466168","NA","278410","166393","261498","626967","27180","278410","NA","NA","NA","27182","NA","NA","NA","278410","Orientation_PSA2018","27","103343","49","yes","1024"
"5186","ENG_LIST4.csv","Y","V","ENG_Prac1.csv","The teenager held her brush up like a microphone, pretending to be a famous rock star.","brushV.jpg","V","54.9019607843","54.9019607843","[5, 11, 14, 18, 21, 26, 30, 33, 37, 43, 47]","2098.74509804","2098.74509804","#ffffff","yes","legacy","legacy","legacy","0","uniform","1","undefined","0","0","1","undefined","1","1","undefined","6","j","0","0","0","46","10","0","0","0","0","0","0","0","0","0","0","0","0","0","0","0","0","0","46","9","0","10","2","10","2","2","0","46","46","10","10","9","46","9","9","9","9","0","46","10","0","0","0","0","0","0","0","46","10","46","10","46","10","46","10","46","10","56","0","46","0","0","0","46","0","0","0","0","0","0","0","0","0","0","10/02/19 12:47:22","no","Matching Tasks","yes","","yes","OrientationCrossLanguages_2018PSA_SP_1.2.4.osexp","C:/Users/user/Documents/PSA scripts - Alicia","no","chinese-japanese-korean","no","18","no","#0000ff","no","English","yes","768","no","legacy","46","3","5","46","C:/Users/user/Documents/PSA scripts - Alicia/Participant Data/MYS_004_SP_96.csv","legacy","no","Kafkaesque Koffka","3.2.8","no","The anxious little boy knocked the salt shaker over onto the table.","0","0","j","NA","space","NA","NA","NA","NA","NA","space","space","j","NA","space","NA","NA","NA","NA","NA","j","f","space","NA","NA","NA","NA","space","NA","NA","NA","424","NA","35189","NA","NA","NA","NA","NA","4629","3269","1422","NA","16899","NA","NA","NA","NA","NA","424","721","7935","NA","NA","NA","NA","104010","NA","NA","NA","2","legacy","no","1024","2","48000","-16","EXP","96","even","Yes","no","NA","27180","2823","633105","254110","NA","131194","NA","NA","NA","NA","NA","2824","26401","NA","27169","NA","NA","NA","NA","NA","27169","619123","619182","166393","261469","221208","254108","221208","221208","166393","634106","634106","255113","255114","619182","634106","619184","620608","619184","NA","NA","637378","259745","NA","261500","NA","NA","NA","NA","NA","637879","260246","637879","260246","638305","260969","NA","182921","NA","220681","638805","466168","NA","278410","166393","261498","633103","27180","278410","NA","NA","NA","27182","NA","NA","NA","278410","Orientation_PSA2018","28","107036","51","yes","1024"
"5186","ENG_LIST4.csv","Y","H","ENG_Prac1.csv","Sara situated the expensive plate on its mat on the table.","plateH.jpg","V","54.7169811321","54.7169811321","[5, 11, 14, 18, 21, 26, 30, 33, 37, 43, 47]","2089.45283019","2089.45283019","#ffffff","yes","legacy","legacy","legacy","0","uniform","1","undefined","0","0","1","undefined","1","1","undefined","6","j","0","0","0","47","10","0","0","0","0","0","0","0","0","0","0","0","0","0","0","0","0","0","47","9","0","10","2","10","2","2","0","47","47","10","10","9","47","9","9","9","9","0","47","10","0","0","0","0","0","0","0","47","10","47","10","47","10","47","10","47","10","57","0","47","0","0","0","47","0","0","0","0","0","0","0","0","0","0","10/02/19 12:47:22","no","Matching Tasks","yes","","yes","OrientationCrossLanguages_2018PSA_SP_1.2.4.osexp","C:/Users/user/Documents/PSA scripts - Alicia","no","chinese-japanese-korean","no","18","no","#0000ff","no","English","yes","768","no","legacy","47","3","5","47","C:/Users/user/Documents/PSA scripts - Alicia/Participant Data/MYS_004_SP_96.csv","legacy","no","Kafkaesque Koffka","3.2.8","no","The anxious little boy knocked the salt shaker over onto the table.","0","0","j","NA","space","NA","NA","NA","NA","NA","space","space","j","NA","space","NA","NA","NA","NA","NA","j","f","space","NA","NA","NA","NA","space","NA","NA","NA","408","NA","35189","NA","NA","NA","NA","NA","4629","3297","1422","NA","16899","NA","NA","NA","NA","NA","408","721","7935","NA","NA","NA","NA","104010","NA","NA","NA","2","legacy","no","1024","2","48000","-16","EXP","96","even","Yes","no","NA","27180","2823","638954","254110","NA","131194","NA","NA","NA","NA","NA","2824","26401","NA","27169","NA","NA","NA","NA","NA","27169","619123","619182","166393","261469","221208","254108","221208","221208","166393","639957","639957","255113","255114","619182","639957","619184","620608","619184","NA","NA","643257","259745","NA","261500","NA","NA","NA","NA","NA","643758","260246","643758","260246","644169","260969","NA","182921","NA","220681","644669","466168","NA","278410","166393","261498","638953","27180","278410","NA","NA","NA","27182","NA","NA","NA","278410","Orientation_PSA2018","29","110741","53","yes","1024"
"5186","ENG_LIST4.csv","Y","H","ENG_Prac1.csv","Sara situated the expensive plate on its mat on the table.","plateH.jpg","M","55.5555555556","55.5555555556","[5, 11, 14, 18, 21, 26, 30, 33, 37, 43, 47]","2079.2037037","2079.2037037","#ffffff","yes","legacy","legacy","legacy","0","uniform","1","undefined","0","0","1","undefined","1","1","undefined","6","f","0","0","0","47","10","0","0","0","0","0","0","0","0","0","0","0","0","0","0","0","0","0","47","10","0","10","2","10","2","2","0","47","47","10","10","10","47","10","10","10","10","0","47","10","0","0","0","0","0","0","0","47","10","47","10","47","10","47","10","47","10","58","0","47","0","0","0","47","0","0","0","0","0","0","0","0","0","0","10/02/19 12:47:22","no","Matching Tasks","yes","","yes","OrientationCrossLanguages_2018PSA_SP_1.2.4.osexp","C:/Users/user/Documents/PSA scripts - Alicia","no","chinese-japanese-korean","no","18","no","#0000ff","no","English","yes","768","no","legacy","0","3","5","47","C:/Users/user/Documents/PSA scripts - Alicia/Participant Data/MYS_004_SP_96.csv","legacy","no","Kafkaesque Koffka","3.2.8","no","The anxious little boy knocked the salt shaker over onto the table.","0","0","f","NA","space","NA","NA","NA","NA","NA","space","space","f","NA","space","NA","NA","NA","NA","NA","j","f","space","NA","NA","NA","NA","space","NA","NA","NA","1536","NA","35189","NA","NA","NA","NA","NA","4629","3297","1536","NA","16899","NA","NA","NA","NA","NA","408","721","7935","NA","NA","NA","NA","104010","NA","NA","NA","2","legacy","no","1024","2","48000","-16","EXP","96","even","Yes","no","NA","27180","2823","638954","254110","NA","131194","NA","NA","NA","NA","NA","2824","26401","NA","27169","NA","NA","NA","NA","NA","27169","644696","644756","166393","261469","221208","254108","221208","221208","166393","639957","639957","255113","255114","644756","639957","644758","646297","644758","NA","NA","643257","259745","NA","261500","NA","NA","NA","NA","NA","643758","260246","643758","260246","644169","260969","NA","182921","NA","220681","647797","466168","NA","278410","166393","261498","638953","27180","278410","NA","NA","NA","27182","NA","NA","NA","278410","Orientation_PSA2018","30","112277","54","yes","1024"
