"Identical","LAB_SEED","Orientation1","Orientation2","PPList","Picture1","Picture2","acc","accuracy","average_response_time","avg_rt","background","bidi","canvas_backend","clock_backend","color_backend","compensation","coordinates","correct","correct_Pictures_response","correct_Start_SC","correct_Target_response_Prac","correct_Welcome_PP_SC","correct_count","correct_response","count_Check_This","count_Disable_Mouse","count_EXP","count_LAB_SEED","count_Language_Selection","count_List_Select","count_List_Selection","count_Pictures_Break","count_Pictures_End","count_Pictures_Exp","count_Pictures_Fixation","count_Pictures_Fixation_Prac","count_Pictures_Prac","count_Pictures_Start","count_Pictures_Target","count_Pictures_Trial","count_Pictures_Welcome","count_Pictures_loop","count_Pictures_response","count_Pictures_response_correct","count_Pictures_response_noans","count_Pictures_response_wrong","count_Prac","count_Prac_Count","count_Prac_Reset","count_Prac_Trial","count_Prac_loop","count_Prac_seq","count_Prac_setup","count_Start_DE","count_Start_E","count_Start_HUN","count_Start_NOR","count_Start_PL","count_Start_SC","count_Start_TC","count_Start_THAI","count_Target_Prac","count_Target_response_Prac","count_Target_response_correct_Prac","count_Target_response_noans_Prac","count_Target_response_wrong_Prac","count_Trial_logger","count_Welcome_PP_DE","count_Welcome_PP_E","count_Welcome_PP_HUN","count_Welcome_PP_NOR","count_Welcome_PP_PL","count_Welcome_PP_SC","count_Welcome_PP_TC","count_Welcome_PP_THAI","datetime","de","description","disable_garbage_collection","empty_column","en","experiment_file","experiment_path","font_bold","font_family","font_italic","font_size","font_underline","foreground","form_clicks","form_response","fullscreen","height","hun","keyboard_backend","live_row","live_row_Pictures_loop","live_row_Prac","live_row_Prac_loop","logfile","mouse_backend","nor","opensesame_codename","opensesame_version","osf_always_upload_experiment","osf_id","pol","repeat_cycle","reset_loop","response","response_Pictures_Break","response_Pictures_End","response_Pictures_response","response_Start_DE","response_Start_E","response_Start_HUN","response_Start_NOR","response_Start_PL","response_Start_SC","response_Start_TC","response_Start_THAI","response_Target_response_Prac","response_Welcome_PP_DE","response_Welcome_PP_E","response_Welcome_PP_HUN","response_Welcome_PP_NOR","response_Welcome_PP_PL","response_Welcome_PP_SC","response_Welcome_PP_TC","response_Welcome_PP_THAI","response_time","response_time_Pictures_Break","response_time_Pictures_End","response_time_Pictures_response","response_time_Start_DE","response_time_Start_E","response_time_Start_HUN","response_time_Start_NOR","response_time_Start_PL","response_time_Start_SC","response_time_Start_TC","response_time_Start_THAI","response_time_Target_response_Prac","response_time_Welcome_PP_DE","response_time_Welcome_PP_E","response_time_Welcome_PP_HUN","response_time_Welcome_PP_NOR","response_time_Welcome_PP_PL","response_time_Welcome_PP_SC","response_time_Welcome_PP_TC","response_time_Welcome_PP_THAI","round_decimals","sampler_backend","sc","sound_buf_size","sound_channels","sound_freq","sound_sample_size","start","subject_nr","subject_parity","tc","thai","time_Check_This","time_Disable_Mouse","time_EXP","time_LAB_SEED","time_Language_Selection","time_List_Select","time_List_Selection","time_Pictures_Break","time_Pictures_End","time_Pictures_Exp","time_Pictures_Fixation","time_Pictures_Fixation_Prac","time_Pictures_Prac","time_Pictures_Start","time_Pictures_Target","time_Pictures_Trial","time_Pictures_Welcome","time_Pictures_loop","time_Pictures_response","time_Pictures_response_correct","time_Pictures_response_noans","time_Pictures_response_wrong","time_Prac","time_Prac_Count","time_Prac_Reset","time_Prac_Trial","time_Prac_loop","time_Prac_seq","time_Prac_setup","time_Start_DE","time_Start_E","time_Start_HUN","time_Start_NOR","time_Start_PL","time_Start_SC","time_Start_TC","time_Start_THAI","time_Target_Prac","time_Target_response_Prac","time_Target_response_correct_Prac","time_Target_response_noans_Prac","time_Target_response_wrong_Prac","time_Trial_logger","time_Welcome_PP_DE","time_Welcome_PP_E","time_Welcome_PP_HUN","time_Welcome_PP_NOR","time_Welcome_PP_PL","time_Welcome_PP_SC","time_Welcome_PP_TC","time_Welcome_PP_THAI","title","total_correct","total_response_time","total_responses","uniform_coordinates","width"
"F","5316","F","F","PP_LIST3.csv","wrench.jpg","piano.jpg","70","70","1147","1147","#ffffff","yes","legacy","legacy","legacy","0","uniform","1","1","undefined","1","undefined","6","f","0","0","0","0","0","0","0","NA","0","0","0","8","0","0","0","0","0","0","0","0","0","0","0","8","3","8","3","3","0","0","0","0","0","0","0","0","0","8","8","8","8","8","0","0","0","0","0","0","0","0","0","12/13/19 15:24:17","no","Matching Tasks","yes","","no","OrientationCrossLanguages_2018PSA_PP_1.2.4.osexp","C:\Users\lenovo\Desktop\scripts","no","chinese-japanese-korean","no","18","no","#0000ff","no","简体中文","yes","768","no","legacy","0","0","4","5","C:/Users/lenovo/Desktop/scripts/subject-8-2.csv","legacy","no","Kafkaesque Koffka","3.2.8","yes","5a7ce671e83246000deafe81","no","0","0","f","NA","NA","f","NA","NA","NA","NA","NA","space","NA","NA","f","NA","NA","NA","NA","NA","f","NA","NA","726","NA","NA","726","NA","NA","NA","NA","NA","1809","NA","NA","1162","NA","NA","NA","NA","NA","5411","NA","NA","2","legacy","yes","1024","2","48000","-16","EXP","8","even","no","no","NA","14108","8936","8944","11685","14095","14095","NA","NA","44041","44174","39999","19548","42217","44679","44173","14108","44041","44681","45410","NA","NA","19548","42169","30579","39997","30579","30579","19548","NA","NA","NA","NA","NA","42219","NA","NA","40504","40504","41669","30030","29526","45910","NA","NA","NA","NA","NA","14110","NA","NA","Orientation_PSA2018","7","11470","10","yes","1024"
"N","5316","H","V","PP_LIST3.csv","bottleH.jpg","bottleV.jpg","72.7272727273","72.7272727273","1113.54545455","1113.54545455","#ffffff","yes","legacy","legacy","legacy","0","uniform","1","1","undefined","1","undefined","6","j","0","0","0","0","0","0","0","NA","1","0","1","8","0","0","1","1","0","0","1","1","1","1","0","8","3","8","3","3","0","0","0","0","0","0","0","0","0","8","8","8","8","8","1","0","0","0","0","0","0","0","0","12/13/19 15:24:17","no","Matching Tasks","yes","","no","OrientationCrossLanguages_2018PSA_PP_1.2.4.osexp","C:\Users\lenovo\Desktop\scripts","no","chinese-japanese-korean","no","18","no","#0000ff","no","简体中文","yes","768","no","legacy","1","1","4","5","C:/Users/lenovo/Desktop/scripts/subject-8-2.csv","legacy","no","Kafkaesque Koffka","3.2.8","yes","5a7ce671e83246000deafe81","no","0","0","j","NA","NA","j","NA","NA","NA","NA","NA","space","NA","NA","f","NA","NA","NA","NA","NA","f","NA","NA","779","NA","NA","779","NA","NA","NA","NA","NA","1809","NA","NA","1162","NA","NA","NA","NA","NA","5411","NA","NA","2","legacy","yes","1024","2","48000","-16","EXP","8","even","no","no","NA","14108","8936","8944","11685","14095","14095","NA","NA","44041","46087","39999","19548","42217","46592","46085","14108","44041","46592","47374","NA","NA","19548","42169","30579","39997","30579","30579","19548","NA","NA","NA","NA","NA","42219","NA","NA","40504","40504","41669","30030","29526","47874","NA","NA","NA","NA","NA","14110","NA","NA","Orientation_PSA2018","8","12249","11","yes","1024"
"Y","5316","V","V","PP_LIST3.csv","plateV.jpg","plateV.jpg","75","75","1065.5","1065.5","#ffffff","yes","legacy","legacy","legacy","0","uniform","1","1","undefined","1","undefined","6","j","0","0","0","0","0","0","0","NA","2","0","2","8","0","0","2","2","0","0","2","2","2","2","0","8","3","8","3","3","0","0","0","0","0","0","0","0","0","8","8","8","8","8","2","0","0","0","0","0","0","0","0","12/13/19 15:24:17","no","Matching Tasks","yes","","no","OrientationCrossLanguages_2018PSA_PP_1.2.4.osexp","C:\Users\lenovo\Desktop\scripts","no","chinese-japanese-korean","no","18","no","#0000ff","no","简体中文","yes","768","no","legacy","2","2","4","5","C:/Users/lenovo/Desktop/scripts/subject-8-2.csv","legacy","no","Kafkaesque Koffka","3.2.8","yes","5a7ce671e83246000deafe81","no","0","0","j","NA","NA","j","NA","NA","NA","NA","NA","space","NA","NA","f","NA","NA","NA","NA","NA","f","NA","NA","537","NA","NA","537","NA","NA","NA","NA","NA","1809","NA","NA","1162","NA","NA","NA","NA","NA","5411","NA","NA","2","legacy","yes","1024","2","48000","-16","EXP","8","even","no","no","NA","14108","8936","8944","11685","14095","14095","NA","NA","44041","48046","39999","19548","42217","48551","48044","14108","44041","48551","49090","NA","NA","19548","42169","30579","39997","30579","30579","19548","NA","NA","NA","NA","NA","42219","NA","NA","40504","40504","41669","30030","29526","49590","NA","NA","NA","NA","NA","14110","NA","NA","Orientation_PSA2018","9","12786","12","yes","1024"
"Y","5316","V","V","PP_LIST3.csv","penV.jpg","penV.jpg","76.9230769231","76.9230769231","1019.23076923","1019.23076923","#ffffff","yes","legacy","legacy","legacy","0","uniform","1","1","undefined","1","undefined","6","j","0","0","0","0","0","0","0","NA","3","0","3","8","0","0","3","3","0","0","3","3","3","3","0","8","3","8","3","3","0","0","0","0","0","0","0","0","0","8","8","8","8","8","3","0","0","0","0","0","0","0","0","12/13/19 15:24:17","no","Matching Tasks","yes","","no","OrientationCrossLanguages_2018PSA_PP_1.2.4.osexp","C:\Users\lenovo\Desktop\scripts","no","chinese-japanese-korean","no","18","no","#0000ff","no","简体中文","yes","768","no","legacy","3","3","4","5","C:/Users/lenovo/Desktop/scripts/subject-8-2.csv","legacy","no","Kafkaesque Koffka","3.2.8","yes","5a7ce671e83246000deafe81","no","0","0","j","NA","NA","j","NA","NA","NA","NA","NA","space","NA","NA","f","NA","NA","NA","NA","NA","f","NA","NA","464","NA","NA","464","NA","NA","NA","NA","NA","1809","NA","NA","1162","NA","NA","NA","NA","NA","5411","NA","NA","2","legacy","yes","1024","2","48000","-16","EXP","8","even","no","no","NA","14108","8936","8944","11685","14095","14095","NA","NA","44041","49766","39999","19548","42217","50272","49765","14108","44041","50272","50738","NA","NA","19548","42169","30579","39997","30579","30579","19548","NA","NA","NA","NA","NA","42219","NA","NA","40504","40504","41669","30030","29526","51238","NA","NA","NA","NA","NA","14110","NA","NA","Orientation_PSA2018","10","13250","13","yes","1024"
"N","5316","V","H","PP_LIST3.csv","caterpillarV.jpg","caterpillarH.jpg","78.5714285714","78.5714285714","981.285714286","981.285714286","#ffffff","yes","legacy","legacy","legacy","0","uniform","1","1","undefined","1","undefined","6","j","0","0","0","0","0","0","0","NA","4","0","4","8","0","0","4","4","0","0","4","4","4","4","0","8","3","8","3","3","0","0","0","0","0","0","0","0","0","8","8","8","8","8","4","0","0","0","0","0","0","0","0","12/13/19 15:24:17","no","Matching Tasks","yes","","no","OrientationCrossLanguages_2018PSA_PP_1.2.4.osexp","C:\Users\lenovo\Desktop\scripts","no","chinese-japanese-korean","no","18","no","#0000ff","no","简体中文","yes","768","no","legacy","4","4","4","5","C:/Users/lenovo/Desktop/scripts/subject-8-2.csv","legacy","no","Kafkaesque Koffka","3.2.8","yes","5a7ce671e83246000deafe81","no","0","0","j","NA","NA","j","NA","NA","NA","NA","NA","space","NA","NA","f","NA","NA","NA","NA","NA","f","NA","NA","488","NA","NA","488","NA","NA","NA","NA","NA","1809","NA","NA","1162","NA","NA","NA","NA","NA","5411","NA","NA","2","legacy","yes","1024","2","48000","-16","EXP","8","even","no","no","NA","14108","8936","8944","11685","14095","14095","NA","NA","44041","51378","39999","19548","42217","51883","51376","14108","44041","51883","52373","NA","NA","19548","42169","30579","39997","30579","30579","19548","NA","NA","NA","NA","NA","42219","NA","NA","40504","40504","41669","30030","29526","52873","NA","NA","NA","NA","NA","14110","NA","NA","Orientation_PSA2018","11","13738","14","yes","1024"
"F","5316","F","F","PP_LIST3.csv","stove.jpg","ftball.jpg","80","80","946.4","946.4","#ffffff","yes","legacy","legacy","legacy","0","uniform","1","1","undefined","1","undefined","6","f","0","0","0","0","0","0","0","NA","5","0","5","8","0","0","5","5","0","0","5","5","5","5","0","8","3","8","3","3","0","0","0","0","0","0","0","0","0","8","8","8","8","8","5","0","0","0","0","0","0","0","0","12/13/19 15:24:17","no","Matching Tasks","yes","","no","OrientationCrossLanguages_2018PSA_PP_1.2.4.osexp","C:\Users\lenovo\Desktop\scripts","no","chinese-japanese-korean","no","18","no","#0000ff","no","简体中文","yes","768","no","legacy","5","5","4","5","C:/Users/lenovo/Desktop/scripts/subject-8-2.csv","legacy","no","Kafkaesque Koffka","3.2.8","yes","5a7ce671e83246000deafe81","no","0","0","f","NA","NA","f","NA","NA","NA","NA","NA","space","NA","NA","f","NA","NA","NA","NA","NA","f","NA","NA","458","NA","NA","458","NA","NA","NA","NA","NA","1809","NA","NA","1162","NA","NA","NA","NA","NA","5411","NA","NA","2","legacy","yes","1024","2","48000","-16","EXP","8","even","no","no","NA","14108","8936","8944","11685","14095","14095","NA","NA","44041","53034","39999","19548","42217","53541","53032","14108","44041","53541","54001","NA","NA","19548","42169","30579","39997","30579","30579","19548","NA","NA","NA","NA","NA","42219","NA","NA","40504","40504","41669","30030","29526","54501","NA","NA","NA","NA","NA","14110","NA","NA","Orientation_PSA2018","12","14196","15","yes","1024"
"Y","5316","H","H","PP_LIST3.csv","glassH.jpg","glassH.jpg","81.25","81.25","917.75","917.75","#ffffff","yes","legacy","legacy","legacy","0","uniform","1","1","undefined","1","undefined","6","j","0","0","0","0","0","0","0","NA","6","0","6","8","0","0","6","6","0","0","6","6","6","6","0","8","3","8","3","3","0","0","0","0","0","0","0","0","0","8","8","8","8","8","6","0","0","0","0","0","0","0","0","12/13/19 15:24:17","no","Matching Tasks","yes","","no","OrientationCrossLanguages_2018PSA_PP_1.2.4.osexp","C:\Users\lenovo\Desktop\scripts","no","chinese-japanese-korean","no","18","no","#0000ff","no","简体中文","yes","768","no","legacy","6","6","4","5","C:/Users/lenovo/Desktop/scripts/subject-8-2.csv","legacy","no","Kafkaesque Koffka","3.2.8","yes","5a7ce671e83246000deafe81","no","0","0","j","NA","NA","j","NA","NA","NA","NA","NA","space","NA","NA","f","NA","NA","NA","NA","NA","f","NA","NA","488","NA","NA","488","NA","NA","NA","NA","NA","1809","NA","NA","1162","NA","NA","NA","NA","NA","5411","NA","NA","2","legacy","yes","1024","2","48000","-16","EXP","8","even","no","no","NA","14108","8936","8944","11685","14095","14095","NA","NA","44041","54670","39999","19548","42217","55172","54668","14108","44041","55172","55662","NA","NA","19548","42169","30579","39997","30579","30579","19548","NA","NA","NA","NA","NA","42219","NA","NA","40504","40504","41669","30030","29526","56162","NA","NA","NA","NA","NA","14110","NA","NA","Orientation_PSA2018","13","14684","16","yes","1024"
"F","5316","F","F","PP_LIST3.csv","wndmil.jpg","mitten.jpg","82.3529411765","82.3529411765","898.117647059","898.117647059","#ffffff","yes","legacy","legacy","legacy","0","uniform","1","1","undefined","1","undefined","6","f","0","0","0","0","0","0","0","NA","7","0","7","8","0","0","7","7","0","0","7","7","7","7","0","8","3","8","3","3","0","0","0","0","0","0","0","0","0","8","8","8","8","8","7","0","0","0","0","0","0","0","0","12/13/19 15:24:17","no","Matching Tasks","yes","","no","OrientationCrossLanguages_2018PSA_PP_1.2.4.osexp","C:\Users\lenovo\Desktop\scripts","no","chinese-japanese-korean","no","18","no","#0000ff","no","简体中文","yes","768","no","legacy","7","7","4","5","C:/Users/lenovo/Desktop/scripts/subject-8-2.csv","legacy","no","Kafkaesque Koffka","3.2.8","yes","5a7ce671e83246000deafe81","no","0","0","f","NA","NA","f","NA","NA","NA","NA","NA","space","NA","NA","f","NA","NA","NA","NA","NA","f","NA","NA","584","NA","NA","584","NA","NA","NA","NA","NA","1809","NA","NA","1162","NA","NA","NA","NA","NA","5411","NA","NA","2","legacy","yes","1024","2","48000","-16","EXP","8","even","no","no","NA","14108","8936","8944","11685","14095","14095","NA","NA","44041","56329","39999","19548","42217","56834","56327","14108","44041","56835","57421","NA","NA","19548","42169","30579","39997","30579","30579","19548","NA","NA","NA","NA","NA","42219","NA","NA","40504","40504","41669","30030","29526","57921","NA","NA","NA","NA","NA","14110","NA","NA","Orientation_PSA2018","14","15268","17","yes","1024"
"Y","5316","V","V","PP_LIST3.csv","saltV.jpg","saltV.jpg","83.3333333333","83.3333333333","882.722222222","882.722222222","#ffffff","yes","legacy","legacy","legacy","0","uniform","1","1","undefined","1","undefined","6","j","0","0","0","0","0","0","0","NA","8","0","8","8","0","0","8","8","0","0","8","8","8","8","0","8","3","8","3","3","0","0","0","0","0","0","0","0","0","8","8","8","8","8","8","0","0","0","0","0","0","0","0","12/13/19 15:24:17","no","Matching Tasks","yes","","no","OrientationCrossLanguages_2018PSA_PP_1.2.4.osexp","C:\Users\lenovo\Desktop\scripts","no","chinese-japanese-korean","no","18","no","#0000ff","no","简体中文","yes","768","no","legacy","8","8","4","5","C:/Users/lenovo/Desktop/scripts/subject-8-2.csv","legacy","no","Kafkaesque Koffka","3.2.8","yes","5a7ce671e83246000deafe81","no","0","0","j","NA","NA","j","NA","NA","NA","NA","NA","space","NA","NA","f","NA","NA","NA","NA","NA","f","NA","NA","621","NA","NA","621","NA","NA","NA","NA","NA","1809","NA","NA","1162","NA","NA","NA","NA","NA","5411","NA","NA","2","legacy","yes","1024","2","48000","-16","EXP","8","even","no","no","NA","14108","8936","8944","11685","14095","14095","NA","NA","44041","58081","39999","19548","42217","58586","58078","14108","44041","58586","59209","NA","NA","19548","42169","30579","39997","30579","30579","19548","NA","NA","NA","NA","NA","42219","NA","NA","40504","40504","41669","30030","29526","59709","NA","NA","NA","NA","NA","14110","NA","NA","Orientation_PSA2018","15","15889","18","yes","1024"
"F","5316","F","F","PP_LIST3.csv","knife.jpg","ladder.jpg","84.2105263158","84.2105263158","865.736842105","865.736842105","#ffffff","yes","legacy","legacy","legacy","0","uniform","1","1","undefined","1","undefined","6","f","0","0","0","0","0","0","0","NA","9","0","9","8","0","0","9","9","0","0","9","9","9","9","0","8","3","8","3","3","0","0","0","0","0","0","0","0","0","8","8","8","8","8","9","0","0","0","0","0","0","0","0","12/13/19 15:24:17","no","Matching Tasks","yes","","no","OrientationCrossLanguages_2018PSA_PP_1.2.4.osexp","C:\Users\lenovo\Desktop\scripts","no","chinese-japanese-korean","no","18","no","#0000ff","no","简体中文","yes","768","no","legacy","9","9","4","5","C:/Users/lenovo/Desktop/scripts/subject-8-2.csv","legacy","no","Kafkaesque Koffka","3.2.8","yes","5a7ce671e83246000deafe81","no","0","0","f","NA","NA","f","NA","NA","NA","NA","NA","space","NA","NA","f","NA","NA","NA","NA","NA","f","NA","NA","560","NA","NA","560","NA","NA","NA","NA","NA","1809","NA","NA","1162","NA","NA","NA","NA","NA","5411","NA","NA","2","legacy","yes","1024","2","48000","-16","EXP","8","even","no","no","NA","14108","8936","8944","11685","14095","14095","NA","NA","44041","59876","39999","19548","42217","60381","59874","14108","44041","60382","60944","NA","NA","19548","42169","30579","39997","30579","30579","19548","NA","NA","NA","NA","NA","42219","NA","NA","40504","40504","41669","30030","29526","61444","NA","NA","NA","NA","NA","14110","NA","NA","Orientation_PSA2018","16","16449","19","yes","1024"
"N","5316","V","H","PP_LIST3.csv","clothespinV.jpg","clothespinH.jpg","85","85","857.25","857.25","#ffffff","yes","legacy","legacy","legacy","0","uniform","1","1","undefined","1","undefined","6","j","0","0","0","0","0","0","0","NA","10","0","10","8","0","0","10","10","0","0","10","10","10","10","0","8","3","8","3","3","0","0","0","0","0","0","0","0","0","8","8","8","8","8","10","0","0","0","0","0","0","0","0","12/13/19 15:24:17","no","Matching Tasks","yes","","no","OrientationCrossLanguages_2018PSA_PP_1.2.4.osexp","C:\Users\lenovo\Desktop\scripts","no","chinese-japanese-korean","no","18","no","#0000ff","no","简体中文","yes","768","no","legacy","10","10","4","5","C:/Users/lenovo/Desktop/scripts/subject-8-2.csv","legacy","no","Kafkaesque Koffka","3.2.8","yes","5a7ce671e83246000deafe81","no","0","0","j","NA","NA","j","NA","NA","NA","NA","NA","space","NA","NA","f","NA","NA","NA","NA","NA","f","NA","NA","696","NA","NA","696","NA","NA","NA","NA","NA","1809","NA","NA","1162","NA","NA","NA","NA","NA","5411","NA","NA","2","legacy","yes","1024","2","48000","-16","EXP","8","even","no","no","NA","14108","8936","8944","11685","14095","14095","NA","NA","44041","61651","39999","19548","42217","62153","61650","14108","44041","62153","62852","NA","NA","19548","42169","30579","39997","30579","30579","19548","NA","NA","NA","NA","NA","42219","NA","NA","40504","40504","41669","30030","29526","63352","NA","NA","NA","NA","NA","14110","NA","NA","Orientation_PSA2018","17","17145","20","yes","1024"
"F","5316","F","F","PP_LIST3.csv","house.jpg","ring.jpg","80.9523809524","80.9523809524","859.095238095","859.095238095","#ffffff","yes","legacy","legacy","legacy","0","uniform","0","0","undefined","1","undefined","6","f","0","0","0","0","0","0","0","NA","11","0","11","8","0","0","11","11","0","0","11","11","11","11","0","8","3","8","3","3","0","0","0","0","0","0","0","0","0","8","8","8","8","8","11","0","0","0","0","0","0","0","0","12/13/19 15:24:17","no","Matching Tasks","yes","","no","OrientationCrossLanguages_2018PSA_PP_1.2.4.osexp","C:\Users\lenovo\Desktop\scripts","no","chinese-japanese-korean","no","18","no","#0000ff","no","简体中文","yes","768","no","legacy","11","11","4","5","C:/Users/lenovo/Desktop/scripts/subject-8-2.csv","legacy","no","Kafkaesque Koffka","3.2.8","yes","5a7ce671e83246000deafe81","no","0","0","j","NA","NA","j","NA","NA","NA","NA","NA","space","NA","NA","f","NA","NA","NA","NA","NA","f","NA","NA","896","NA","NA","896","NA","NA","NA","NA","NA","1809","NA","NA","1162","NA","NA","NA","NA","NA","5411","NA","NA","2","legacy","yes","1024","2","48000","-16","EXP","8","even","no","no","NA","14108","8936","8944","11685","14095","14095","NA","NA","44041","63525","39999","19548","42217","64030","63523","14108","44041","64030","62852","NA","64928","19548","42169","30579","39997","30579","30579","19548","NA","NA","NA","NA","NA","42219","NA","NA","40504","40504","41669","30030","29526","65428","NA","NA","NA","NA","NA","14110","NA","NA","Orientation_PSA2018","17","18041","21","yes","1024"
"F","5316","F","F","PP_LIST3.csv","tiger.jpg","wndmil.jpg","81.8181818182","81.8181818182","851.363636364","851.363636364","#ffffff","yes","legacy","legacy","legacy","0","uniform","1","1","undefined","1","undefined","6","f","0","0","0","0","0","0","0","NA","12","0","12","8","0","0","12","12","0","0","12","12","12","12","0","8","3","8","3","3","0","0","0","0","0","0","0","0","0","8","8","8","8","8","12","0","0","0","0","0","0","0","0","12/13/19 15:24:17","no","Matching Tasks","yes","","no","OrientationCrossLanguages_2018PSA_PP_1.2.4.osexp","C:\Users\lenovo\Desktop\scripts","no","chinese-japanese-korean","no","18","no","#0000ff","no","简体中文","yes","768","no","legacy","12","12","4","5","C:/Users/lenovo/Desktop/scripts/subject-8-2.csv","legacy","no","Kafkaesque Koffka","3.2.8","yes","5a7ce671e83246000deafe81","no","0","0","f","NA","NA","f","NA","NA","NA","NA","NA","space","NA","NA","f","NA","NA","NA","NA","NA","f","NA","NA","689","NA","NA","689","NA","NA","NA","NA","NA","1809","NA","NA","1162","NA","NA","NA","NA","NA","5411","NA","NA","2","legacy","yes","1024","2","48000","-16","EXP","8","even","no","no","NA","14108","8936","8944","11685","14095","14095","NA","NA","44041","65603","39999","19548","42217","66108","65599","14108","44041","66108","66799","NA","64928","19548","42169","30579","39997","30579","30579","19548","NA","NA","NA","NA","NA","42219","NA","NA","40504","40504","41669","30030","29526","67299","NA","NA","NA","NA","NA","14110","NA","NA","Orientation_PSA2018","18","18730","22","yes","1024"
"N","5316","V","H","PP_LIST3.csv","crayonV.jpg","crayonH.jpg","82.6086956522","82.6086956522","840.086956522","840.086956522","#ffffff","yes","legacy","legacy","legacy","0","uniform","1","1","undefined","1","undefined","6","j","0","0","0","0","0","0","0","NA","13","0","13","8","0","0","13","13","0","0","13","13","13","13","0","8","3","8","3","3","0","0","0","0","0","0","0","0","0","8","8","8","8","8","13","0","0","0","0","0","0","0","0","12/13/19 15:24:17","no","Matching Tasks","yes","","no","OrientationCrossLanguages_2018PSA_PP_1.2.4.osexp","C:\Users\lenovo\Desktop\scripts","no","chinese-japanese-korean","no","18","no","#0000ff","no","简体中文","yes","768","no","legacy","13","13","4","5","C:/Users/lenovo/Desktop/scripts/subject-8-2.csv","legacy","no","Kafkaesque Koffka","3.2.8","yes","5a7ce671e83246000deafe81","no","0","0","j","NA","NA","j","NA","NA","NA","NA","NA","space","NA","NA","f","NA","NA","NA","NA","NA","f","NA","NA","592","NA","NA","592","NA","NA","NA","NA","NA","1809","NA","NA","1162","NA","NA","NA","NA","NA","5411","NA","NA","2","legacy","yes","1024","2","48000","-16","EXP","8","even","no","no","NA","14108","8936","8944","11685","14095","14095","NA","NA","44041","67472","39999","19548","42217","67977","67470","14108","44041","67977","68571","NA","64928","19548","42169","30579","39997","30579","30579","19548","NA","NA","NA","NA","NA","42219","NA","NA","40504","40504","41669","30030","29526","69071","NA","NA","NA","NA","NA","14110","NA","NA","Orientation_PSA2018","19","19322","23","yes","1024"
"N","5316","V","H","PP_LIST3.csv","fire_extinguisherV.jpg","fire_extinguisherH.jpg","83.3333333333","83.3333333333","833.458333333","833.458333333","#ffffff","yes","legacy","legacy","legacy","0","uniform","1","1","undefined","1","undefined","6","j","0","0","0","0","0","0","0","NA","14","0","14","8","0","0","14","14","0","0","14","14","14","14","0","8","3","8","3","3","0","0","0","0","0","0","0","0","0","8","8","8","8","8","14","0","0","0","0","0","0","0","0","12/13/19 15:24:17","no","Matching Tasks","yes","","no","OrientationCrossLanguages_2018PSA_PP_1.2.4.osexp","C:\Users\lenovo\Desktop\scripts","no","chinese-japanese-korean","no","18","no","#0000ff","no","简体中文","yes","768","no","legacy","14","14","4","5","C:/Users/lenovo/Desktop/scripts/subject-8-2.csv","legacy","no","Kafkaesque Koffka","3.2.8","yes","5a7ce671e83246000deafe81","no","0","0","j","NA","NA","j","NA","NA","NA","NA","NA","space","NA","NA","f","NA","NA","NA","NA","NA","f","NA","NA","681","NA","NA","681","NA","NA","NA","NA","NA","1809","NA","NA","1162","NA","NA","NA","NA","NA","5411","NA","NA","2","legacy","yes","1024","2","48000","-16","EXP","8","even","no","no","NA","14108","8936","8944","11685","14095","14095","NA","NA","44041","69240","39999","19548","42217","69745","69237","14108","44041","69745","70429","NA","64928","19548","42169","30579","39997","30579","30579","19548","NA","NA","NA","NA","NA","42219","NA","NA","40504","40504","41669","30030","29526","70929","NA","NA","NA","NA","NA","14110","NA","NA","Orientation_PSA2018","20","20003","24","yes","1024"
"F","5316","F","F","PP_LIST3.csv","buggy.jpg","glass.jpg","84","84","826.56","826.56","#ffffff","yes","legacy","legacy","legacy","0","uniform","1","1","undefined","1","undefined","6","f","0","0","0","0","0","0","0","NA","15","0","15","8","0","0","15","15","0","0","15","15","15","15","0","8","3","8","3","3","0","0","0","0","0","0","0","0","0","8","8","8","8","8","15","0","0","0","0","0","0","0","0","12/13/19 15:24:17","no","Matching Tasks","yes","","no","OrientationCrossLanguages_2018PSA_PP_1.2.4.osexp","C:\Users\lenovo\Desktop\scripts","no","chinese-japanese-korean","no","18","no","#0000ff","no","简体中文","yes","768","no","legacy","15","15","4","5","C:/Users/lenovo/Desktop/scripts/subject-8-2.csv","legacy","no","Kafkaesque Koffka","3.2.8","yes","5a7ce671e83246000deafe81","no","0","0","f","NA","NA","f","NA","NA","NA","NA","NA","space","NA","NA","f","NA","NA","NA","NA","NA","f","NA","NA","661","NA","NA","661","NA","NA","NA","NA","NA","1809","NA","NA","1162","NA","NA","NA","NA","NA","5411","NA","NA","2","legacy","yes","1024","2","48000","-16","EXP","8","even","no","no","NA","14108","8936","8944","11685","14095","14095","NA","NA","44041","71094","39999","19548","42217","71599","71092","14108","44041","71599","72262","NA","64928","19548","42169","30579","39997","30579","30579","19548","NA","NA","NA","NA","NA","42219","NA","NA","40504","40504","41669","30030","29526","72763","NA","NA","NA","NA","NA","14110","NA","NA","Orientation_PSA2018","21","20664","25","yes","1024"
"N","5316","H","V","PP_LIST3.csv","axeH.jpg","axeV.jpg","84.6153846154","84.6153846154","825.615384615","825.615384615","#ffffff","yes","legacy","legacy","legacy","0","uniform","1","1","undefined","1","undefined","6","j","0","0","0","0","0","0","0","NA","16","0","16","8","0","0","16","16","0","0","16","16","16","16","0","8","3","8","3","3","0","0","0","0","0","0","0","0","0","8","8","8","8","8","16","0","0","0","0","0","0","0","0","12/13/19 15:24:17","no","Matching Tasks","yes","","no","OrientationCrossLanguages_2018PSA_PP_1.2.4.osexp","C:\Users\lenovo\Desktop\scripts","no","chinese-japanese-korean","no","18","no","#0000ff","no","简体中文","yes","768","no","legacy","16","16","4","5","C:/Users/lenovo/Desktop/scripts/subject-8-2.csv","legacy","no","Kafkaesque Koffka","3.2.8","yes","5a7ce671e83246000deafe81","no","0","0","j","NA","NA","j","NA","NA","NA","NA","NA","space","NA","NA","f","NA","NA","NA","NA","NA","f","NA","NA","802","NA","NA","802","NA","NA","NA","NA","NA","1809","NA","NA","1162","NA","NA","NA","NA","NA","5411","NA","NA","2","legacy","yes","1024","2","48000","-16","EXP","8","even","no","no","NA","14108","8936","8944","11685","14095","14095","NA","NA","44041","72950","39999","19548","42217","73451","72948","14108","44041","73451","74255","NA","64928","19548","42169","30579","39997","30579","30579","19548","NA","NA","NA","NA","NA","42219","NA","NA","40504","40504","41669","30030","29526","74755","NA","NA","NA","NA","NA","14110","NA","NA","Orientation_PSA2018","22","21466","26","yes","1024"
"Y","5316","H","H","PP_LIST3.csv","keyH.jpg","keyH.jpg","85.1851851852","85.1851851852","811.518518519","811.518518519","#ffffff","yes","legacy","legacy","legacy","0","uniform","1","1","undefined","1","undefined","6","j","0","0","0","0","0","0","0","NA","17","0","17","8","0","0","17","17","0","0","17","17","17","17","0","8","3","8","3","3","0","0","0","0","0","0","0","0","0","8","8","8","8","8","17","0","0","0","0","0","0","0","0","12/13/19 15:24:17","no","Matching Tasks","yes","","no","OrientationCrossLanguages_2018PSA_PP_1.2.4.osexp","C:\Users\lenovo\Desktop\scripts","no","chinese-japanese-korean","no","18","no","#0000ff","no","简体中文","yes","768","no","legacy","17","17","4","5","C:/Users/lenovo/Desktop/scripts/subject-8-2.csv","legacy","no","Kafkaesque Koffka","3.2.8","yes","5a7ce671e83246000deafe81","no","0","0","j","NA","NA","j","NA","NA","NA","NA","NA","space","NA","NA","f","NA","NA","NA","NA","NA","f","NA","NA","445","NA","NA","445","NA","NA","NA","NA","NA","1809","NA","NA","1162","NA","NA","NA","NA","NA","5411","NA","NA","2","legacy","yes","1024","2","48000","-16","EXP","8","even","no","no","NA","14108","8936","8944","11685","14095","14095","NA","NA","44041","74909","39999","19548","42217","75414","74907","14108","44041","75414","75861","NA","64928","19548","42169","30579","39997","30579","30579","19548","NA","NA","NA","NA","NA","42219","NA","NA","40504","40504","41669","30030","29526","76361","NA","NA","NA","NA","NA","14110","NA","NA","Orientation_PSA2018","23","21911","27","yes","1024"
"N","5316","H","V","PP_LIST3.csv","bookH.jpg","bookV.jpg","85.7142857143","85.7142857143","802.107142857","802.107142857","#ffffff","yes","legacy","legacy","legacy","0","uniform","1","1","undefined","1","undefined","6","j","0","0","0","0","0","0","0","NA","18","0","18","8","0","0","18","18","0","0","18","18","18","18","0","8","3","8","3","3","0","0","0","0","0","0","0","0","0","8","8","8","8","8","18","0","0","0","0","0","0","0","0","12/13/19 15:24:17","no","Matching Tasks","yes","","no","OrientationCrossLanguages_2018PSA_PP_1.2.4.osexp","C:\Users\lenovo\Desktop\scripts","no","chinese-japanese-korean","no","18","no","#0000ff","no","简体中文","yes","768","no","legacy","18","18","4","5","C:/Users/lenovo/Desktop/scripts/subject-8-2.csv","legacy","no","Kafkaesque Koffka","3.2.8","yes","5a7ce671e83246000deafe81","no","0","0","j","NA","NA","j","NA","NA","NA","NA","NA","space","NA","NA","f","NA","NA","NA","NA","NA","f","NA","NA","548","NA","NA","548","NA","NA","NA","NA","NA","1809","NA","NA","1162","NA","NA","NA","NA","NA","5411","NA","NA","2","legacy","yes","1024","2","48000","-16","EXP","8","even","no","no","NA","14108","8936","8944","11685","14095","14095","NA","NA","44041","76525","39999","19548","42217","77031","76524","14108","44041","77032","77582","NA","64928","19548","42169","30579","39997","30579","30579","19548","NA","NA","NA","NA","NA","42219","NA","NA","40504","40504","41669","30030","29526","78082","NA","NA","NA","NA","NA","14110","NA","NA","Orientation_PSA2018","24","22459","28","yes","1024"
"N","5316","H","V","PP_LIST3.csv","broomH.jpg","broomV.jpg","86.2068965517","86.2068965517","792.034482759","792.034482759","#ffffff","yes","legacy","legacy","legacy","0","uniform","1","1","undefined","1","undefined","6","j","0","0","0","0","0","0","0","NA","19","0","19","8","0","0","19","19","0","0","19","19","19","19","0","8","3","8","3","3","0","0","0","0","0","0","0","0","0","8","8","8","8","8","19","0","0","0","0","0","0","0","0","12/13/19 15:24:17","no","Matching Tasks","yes","","no","OrientationCrossLanguages_2018PSA_PP_1.2.4.osexp","C:\Users\lenovo\Desktop\scripts","no","chinese-japanese-korean","no","18","no","#0000ff","no","简体中文","yes","768","no","legacy","19","19","4","5","C:/Users/lenovo/Desktop/scripts/subject-8-2.csv","legacy","no","Kafkaesque Koffka","3.2.8","yes","5a7ce671e83246000deafe81","no","0","0","j","NA","NA","j","NA","NA","NA","NA","NA","space","NA","NA","f","NA","NA","NA","NA","NA","f","NA","NA","510","NA","NA","510","NA","NA","NA","NA","NA","1809","NA","NA","1162","NA","NA","NA","NA","NA","5411","NA","NA","2","legacy","yes","1024","2","48000","-16","EXP","8","even","no","no","NA","14108","8936","8944","11685","14095","14095","NA","NA","44041","78246","39999","19548","42217","78751","78244","14108","44041","78752","79264","NA","64928","19548","42169","30579","39997","30579","30579","19548","NA","NA","NA","NA","NA","42219","NA","NA","40504","40504","41669","30030","29526","79764","NA","NA","NA","NA","NA","14110","NA","NA","Orientation_PSA2018","25","22969","29","yes","1024"
"Y","5316","V","V","PP_LIST3.csv","tireV.jpg","tireV.jpg","86.6666666667","86.6666666667","778.866666667","778.866666667","#ffffff","yes","legacy","legacy","legacy","0","uniform","1","1","undefined","1","undefined","6","j","0","0","0","0","0","0","0","NA","20","0","20","8","0","0","20","20","0","0","20","20","20","20","0","8","3","8","3","3","0","0","0","0","0","0","0","0","0","8","8","8","8","8","20","0","0","0","0","0","0","0","0","12/13/19 15:24:17","no","Matching Tasks","yes","","no","OrientationCrossLanguages_2018PSA_PP_1.2.4.osexp","C:\Users\lenovo\Desktop\scripts","no","chinese-japanese-korean","no","18","no","#0000ff","no","简体中文","yes","768","no","legacy","20","20","4","5","C:/Users/lenovo/Desktop/scripts/subject-8-2.csv","legacy","no","Kafkaesque Koffka","3.2.8","yes","5a7ce671e83246000deafe81","no","0","0","j","NA","NA","j","NA","NA","NA","NA","NA","space","NA","NA","f","NA","NA","NA","NA","NA","f","NA","NA","397","NA","NA","397","NA","NA","NA","NA","NA","1809","NA","NA","1162","NA","NA","NA","NA","NA","5411","NA","NA","2","legacy","yes","1024","2","48000","-16","EXP","8","even","no","no","NA","14108","8936","8944","11685","14095","14095","NA","NA","44041","79951","39999","19548","42217","80456","79949","14108","44041","80456","80855","NA","64928","19548","42169","30579","39997","30579","30579","19548","NA","NA","NA","NA","NA","42219","NA","NA","40504","40504","41669","30030","29526","81355","NA","NA","NA","NA","NA","14110","NA","NA","Orientation_PSA2018","26","23366","30","yes","1024"
"F","5316","F","F","PP_LIST3.csv","skirt.jpg","tlphon.jpg","87.0967741935","87.0967741935","771.258064516","771.258064516","#ffffff","yes","legacy","legacy","legacy","0","uniform","1","1","undefined","1","undefined","6","f","0","0","0","0","0","0","0","NA","21","0","21","8","0","0","21","21","0","0","21","21","21","21","0","8","3","8","3","3","0","0","0","0","0","0","0","0","0","8","8","8","8","8","21","0","0","0","0","0","0","0","0","12/13/19 15:24:17","no","Matching Tasks","yes","","no","OrientationCrossLanguages_2018PSA_PP_1.2.4.osexp","C:\Users\lenovo\Desktop\scripts","no","chinese-japanese-korean","no","18","no","#0000ff","no","简体中文","yes","768","no","legacy","21","21","4","5","C:/Users/lenovo/Desktop/scripts/subject-8-2.csv","legacy","no","Kafkaesque Koffka","3.2.8","yes","5a7ce671e83246000deafe81","no","0","0","f","NA","NA","f","NA","NA","NA","NA","NA","space","NA","NA","f","NA","NA","NA","NA","NA","f","NA","NA","543","NA","NA","543","NA","NA","NA","NA","NA","1809","NA","NA","1162","NA","NA","NA","NA","NA","5411","NA","NA","2","legacy","yes","1024","2","48000","-16","EXP","8","even","no","no","NA","14108","8936","8944","11685","14095","14095","NA","NA","44041","81534","39999","19548","42217","82038","81531","14108","44041","82039","82584","NA","64928","19548","42169","30579","39997","30579","30579","19548","NA","NA","NA","NA","NA","42219","NA","NA","40504","40504","41669","30030","29526","83084","NA","NA","NA","NA","NA","14110","NA","NA","Orientation_PSA2018","27","23909","31","yes","1024"
"F","5316","F","F","PP_LIST3.csv","nut.jpg","watch.jpg","87.5","87.5","766.09375","766.09375","#ffffff","yes","legacy","legacy","legacy","0","uniform","1","1","undefined","1","undefined","6","f","0","0","0","0","0","0","0","NA","22","0","22","8","0","0","22","22","0","0","22","22","22","22","0","8","3","8","3","3","0","0","0","0","0","0","0","0","0","8","8","8","8","8","22","0","0","0","0","0","0","0","0","12/13/19 15:24:17","no","Matching Tasks","yes","","no","OrientationCrossLanguages_2018PSA_PP_1.2.4.osexp","C:\Users\lenovo\Desktop\scripts","no","chinese-japanese-korean","no","18","no","#0000ff","no","简体中文","yes","768","no","legacy","22","22","4","5","C:/Users/lenovo/Desktop/scripts/subject-8-2.csv","legacy","no","Kafkaesque Koffka","3.2.8","yes","5a7ce671e83246000deafe81","no","0","0","f","NA","NA","f","NA","NA","NA","NA","NA","space","NA","NA","f","NA","NA","NA","NA","NA","f","NA","NA","606","NA","NA","606","NA","NA","NA","NA","NA","1809","NA","NA","1162","NA","NA","NA","NA","NA","5411","NA","NA","2","legacy","yes","1024","2","48000","-16","EXP","8","even","no","no","NA","14108","8936","8944","11685","14095","14095","NA","NA","44041","83243","39999","19548","42217","83752","83241","14108","44041","83753","84361","NA","64928","19548","42169","30579","39997","30579","30579","19548","NA","NA","NA","NA","NA","42219","NA","NA","40504","40504","41669","30030","29526","84861","NA","NA","NA","NA","NA","14110","NA","NA","Orientation_PSA2018","28","24515","32","yes","1024"
"Y","5316","H","H","PP_LIST3.csv","pencilH.jpg","pencilH.jpg","84.8484848485","84.8484848485","755.666666667","755.666666667","#ffffff","yes","legacy","legacy","legacy","0","uniform","0","0","undefined","1","undefined","6","j","0","0","0","0","0","0","0","NA","23","0","23","8","0","0","23","23","0","0","23","23","23","23","0","8","3","8","3","3","0","0","0","0","0","0","0","0","0","8","8","8","8","8","23","0","0","0","0","0","0","0","0","12/13/19 15:24:17","no","Matching Tasks","yes","","no","OrientationCrossLanguages_2018PSA_PP_1.2.4.osexp","C:\Users\lenovo\Desktop\scripts","no","chinese-japanese-korean","no","18","no","#0000ff","no","简体中文","yes","768","no","legacy","23","23","4","5","C:/Users/lenovo/Desktop/scripts/subject-8-2.csv","legacy","no","Kafkaesque Koffka","3.2.8","yes","5a7ce671e83246000deafe81","no","0","0","f","NA","NA","f","NA","NA","NA","NA","NA","space","NA","NA","f","NA","NA","NA","NA","NA","f","NA","NA","422","NA","NA","422","NA","NA","NA","NA","NA","1809","NA","NA","1162","NA","NA","NA","NA","NA","5411","NA","NA","2","legacy","yes","1024","2","48000","-16","EXP","8","even","no","no","NA","14108","8936","8944","11685","14095","14095","NA","NA","44041","85041","39999","19548","42217","85546","85039","14108","44041","85546","84361","NA","85971","19548","42169","30579","39997","30579","30579","19548","NA","NA","NA","NA","NA","42219","NA","NA","40504","40504","41669","30030","29526","86471","NA","NA","NA","NA","NA","14110","NA","NA","Orientation_PSA2018","28","24937","33","yes","1024"
"N","5316","H","V","PP_LIST3.csv","batH.jpg","batV.jpg","100","100","561","561","#ffffff","yes","legacy","legacy","legacy","0","uniform","1","1","undefined","1","undefined","6","j","0","0","0","0","0","0","0","0","24","0","24","8","0","0","24","24","0","0","24","24","24","24","0","8","3","8","3","3","0","0","0","0","0","0","0","0","0","8","8","8","8","8","24","0","0","0","0","0","0","0","0","12/13/19 15:24:17","no","Matching Tasks","yes","","no","OrientationCrossLanguages_2018PSA_PP_1.2.4.osexp","C:\Users\lenovo\Desktop\scripts","no","chinese-japanese-korean","no","18","no","#0000ff","no","简体中文","yes","768","no","legacy","24","24","4","5","C:/Users/lenovo/Desktop/scripts/subject-8-2.csv","legacy","no","Kafkaesque Koffka","3.2.8","yes","5a7ce671e83246000deafe81","no","0","0","j","space","NA","j","NA","NA","NA","NA","NA","space","NA","NA","f","NA","NA","NA","NA","NA","f","NA","NA","561","997","NA","561","NA","NA","NA","NA","NA","1809","NA","NA","1162","NA","NA","NA","NA","NA","5411","NA","NA","2","legacy","yes","1024","2","48000","-16","EXP","8","even","no","no","NA","14108","8936","8944","11685","14095","14095","86582","NA","44041","87716","39999","19548","42217","88220","87714","14108","44041","88221","88785","NA","85971","19548","42169","30579","39997","30579","30579","19548","NA","NA","NA","NA","NA","42219","NA","NA","40504","40504","41669","30030","29526","89285","NA","NA","NA","NA","NA","14110","NA","NA","Orientation_PSA2018","1","561","1","yes","1024"
"Y","5316","V","V","PP_LIST3.csv","screwV.jpg","screwV.jpg","100","100","483.5","483.5","#ffffff","yes","legacy","legacy","legacy","0","uniform","1","1","undefined","1","undefined","6","j","0","0","0","0","0","0","0","0","25","0","25","8","0","0","25","25","0","0","25","25","25","25","0","8","3","8","3","3","0","0","0","0","0","0","0","0","0","8","8","8","8","8","25","0","0","0","0","0","0","0","0","12/13/19 15:24:17","no","Matching Tasks","yes","","no","OrientationCrossLanguages_2018PSA_PP_1.2.4.osexp","C:\Users\lenovo\Desktop\scripts","no","chinese-japanese-korean","no","18","no","#0000ff","no","简体中文","yes","768","no","legacy","25","25","4","5","C:/Users/lenovo/Desktop/scripts/subject-8-2.csv","legacy","no","Kafkaesque Koffka","3.2.8","yes","5a7ce671e83246000deafe81","no","0","0","j","space","NA","j","NA","NA","NA","NA","NA","space","NA","NA","f","NA","NA","NA","NA","NA","f","NA","NA","406","997","NA","406","NA","NA","NA","NA","NA","1809","NA","NA","1162","NA","NA","NA","NA","NA","5411","NA","NA","2","legacy","yes","1024","2","48000","-16","EXP","8","even","no","no","NA","14108","8936","8944","11685","14095","14095","86582","NA","44041","89470","39999","19548","42217","89975","89468","14108","44041","89975","90384","NA","85971","19548","42169","30579","39997","30579","30579","19548","NA","NA","NA","NA","NA","42219","NA","NA","40504","40504","41669","30030","29526","90884","NA","NA","NA","NA","NA","14110","NA","NA","Orientation_PSA2018","2","967","2","yes","1024"
"Y","5316","V","V","PP_LIST3.csv","scssorV.jpg","scssorV.jpg","100","100","475.666666667","475.666666667","#ffffff","yes","legacy","legacy","legacy","0","uniform","1","1","undefined","1","undefined","6","j","0","0","0","0","0","0","0","0","26","0","26","8","0","0","26","26","0","0","26","26","26","26","0","8","3","8","3","3","0","0","0","0","0","0","0","0","0","8","8","8","8","8","26","0","0","0","0","0","0","0","0","12/13/19 15:24:17","no","Matching Tasks","yes","","no","OrientationCrossLanguages_2018PSA_PP_1.2.4.osexp","C:\Users\lenovo\Desktop\scripts","no","chinese-japanese-korean","no","18","no","#0000ff","no","简体中文","yes","768","no","legacy","26","26","4","5","C:/Users/lenovo/Desktop/scripts/subject-8-2.csv","legacy","no","Kafkaesque Koffka","3.2.8","yes","5a7ce671e83246000deafe81","no","0","0","j","space","NA","j","NA","NA","NA","NA","NA","space","NA","NA","f","NA","NA","NA","NA","NA","f","NA","NA","460","997","NA","460","NA","NA","NA","NA","NA","1809","NA","NA","1162","NA","NA","NA","NA","NA","5411","NA","NA","2","legacy","yes","1024","2","48000","-16","EXP","8","even","no","no","NA","14108","8936","8944","11685","14095","14095","86582","NA","44041","91046","39999","19548","42217","91551","91044","14108","44041","91551","92013","NA","85971","19548","42169","30579","39997","30579","30579","19548","NA","NA","NA","NA","NA","42219","NA","NA","40504","40504","41669","30030","29526","92513","NA","NA","NA","NA","NA","14110","NA","NA","Orientation_PSA2018","3","1427","3","yes","1024"
"F","5316","F","F","PP_LIST3.csv","pumpkin.jpg","trmpet.jpg","100","100","503.25","503.25","#ffffff","yes","legacy","legacy","legacy","0","uniform","1","1","undefined","1","undefined","6","f","0","0","0","0","0","0","0","0","27","0","27","8","0","0","27","27","0","0","27","27","27","27","0","8","3","8","3","3","0","0","0","0","0","0","0","0","0","8","8","8","8","8","27","0","0","0","0","0","0","0","0","12/13/19 15:24:17","no","Matching Tasks","yes","","no","OrientationCrossLanguages_2018PSA_PP_1.2.4.osexp","C:\Users\lenovo\Desktop\scripts","no","chinese-japanese-korean","no","18","no","#0000ff","no","简体中文","yes","768","no","legacy","27","27","4","5","C:/Users/lenovo/Desktop/scripts/subject-8-2.csv","legacy","no","Kafkaesque Koffka","3.2.8","yes","5a7ce671e83246000deafe81","no","0","0","f","space","NA","f","NA","NA","NA","NA","NA","space","NA","NA","f","NA","NA","NA","NA","NA","f","NA","NA","586","997","NA","586","NA","NA","NA","NA","NA","1809","NA","NA","1162","NA","NA","NA","NA","NA","5411","NA","NA","2","legacy","yes","1024","2","48000","-16","EXP","8","even","no","no","NA","14108","8936","8944","11685","14095","14095","86582","NA","44041","92690","39999","19548","42217","93195","92688","14108","44041","93195","93783","NA","85971","19548","42169","30579","39997","30579","30579","19548","NA","NA","NA","NA","NA","42219","NA","NA","40504","40504","41669","30030","29526","94283","NA","NA","NA","NA","NA","14110","NA","NA","Orientation_PSA2018","4","2013","4","yes","1024"
"F","5316","F","F","PP_LIST3.csv","ladder.jpg","house.jpg","100","100","540.4","540.4","#ffffff","yes","legacy","legacy","legacy","0","uniform","1","1","undefined","1","undefined","6","f","0","0","0","0","0","0","0","0","28","0","28","8","0","0","28","28","0","0","28","28","28","28","0","8","3","8","3","3","0","0","0","0","0","0","0","0","0","8","8","8","8","8","28","0","0","0","0","0","0","0","0","12/13/19 15:24:17","no","Matching Tasks","yes","","no","OrientationCrossLanguages_2018PSA_PP_1.2.4.osexp","C:\Users\lenovo\Desktop\scripts","no","chinese-japanese-korean","no","18","no","#0000ff","no","简体中文","yes","768","no","legacy","28","28","4","5","C:/Users/lenovo/Desktop/scripts/subject-8-2.csv","legacy","no","Kafkaesque Koffka","3.2.8","yes","5a7ce671e83246000deafe81","no","0","0","f","space","NA","f","NA","NA","NA","NA","NA","space","NA","NA","f","NA","NA","NA","NA","NA","f","NA","NA","689","997","NA","689","NA","NA","NA","NA","NA","1809","NA","NA","1162","NA","NA","NA","NA","NA","5411","NA","NA","2","legacy","yes","1024","2","48000","-16","EXP","8","even","no","no","NA","14108","8936","8944","11685","14095","14095","86582","NA","44041","94449","39999","19548","42217","94954","94446","14108","44041","94954","95645","NA","85971","19548","42169","30579","39997","30579","30579","19548","NA","NA","NA","NA","NA","42219","NA","NA","40504","40504","41669","30030","29526","96145","NA","NA","NA","NA","NA","14110","NA","NA","Orientation_PSA2018","5","2702","5","yes","1024"
"F","5316","F","F","PP_LIST3.csv","ftball.jpg","nut.jpg","100","100","546","546","#ffffff","yes","legacy","legacy","legacy","0","uniform","1","1","undefined","1","undefined","6","f","0","0","0","0","0","0","0","0","29","0","29","8","0","0","29","29","0","0","29","29","29","29","0","8","3","8","3","3","0","0","0","0","0","0","0","0","0","8","8","8","8","8","29","0","0","0","0","0","0","0","0","12/13/19 15:24:17","no","Matching Tasks","yes","","no","OrientationCrossLanguages_2018PSA_PP_1.2.4.osexp","C:\Users\lenovo\Desktop\scripts","no","chinese-japanese-korean","no","18","no","#0000ff","no","简体中文","yes","768","no","legacy","29","29","4","5","C:/Users/lenovo/Desktop/scripts/subject-8-2.csv","legacy","no","Kafkaesque Koffka","3.2.8","yes","5a7ce671e83246000deafe81","no","0","0","f","space","NA","f","NA","NA","NA","NA","NA","space","NA","NA","f","NA","NA","NA","NA","NA","f","NA","NA","574","997","NA","574","NA","NA","NA","NA","NA","1809","NA","NA","1162","NA","NA","NA","NA","NA","5411","NA","NA","2","legacy","yes","1024","2","48000","-16","EXP","8","even","no","no","NA","14108","8936","8944","11685","14095","14095","86582","NA","44041","96301","39999","19548","42217","96806","96299","14108","44041","96807","97384","NA","85971","19548","42169","30579","39997","30579","30579","19548","NA","NA","NA","NA","NA","42219","NA","NA","40504","40504","41669","30030","29526","97884","NA","NA","NA","NA","NA","14110","NA","NA","Orientation_PSA2018","6","3276","6","yes","1024"
"F","5316","F","F","PP_LIST3.csv","umberella.jpg","flower.jpg","100","100","577.285714286","577.285714286","#ffffff","yes","legacy","legacy","legacy","0","uniform","1","1","undefined","1","undefined","6","f","0","0","0","0","0","0","0","0","30","0","30","8","0","0","30","30","0","0","30","30","30","30","0","8","3","8","3","3","0","0","0","0","0","0","0","0","0","8","8","8","8","8","30","0","0","0","0","0","0","0","0","12/13/19 15:24:17","no","Matching Tasks","yes","","no","OrientationCrossLanguages_2018PSA_PP_1.2.4.osexp","C:\Users\lenovo\Desktop\scripts","no","chinese-japanese-korean","no","18","no","#0000ff","no","简体中文","yes","768","no","legacy","30","30","4","5","C:/Users/lenovo/Desktop/scripts/subject-8-2.csv","legacy","no","Kafkaesque Koffka","3.2.8","yes","5a7ce671e83246000deafe81","no","0","0","f","space","NA","f","NA","NA","NA","NA","NA","space","NA","NA","f","NA","NA","NA","NA","NA","f","NA","NA","765","997","NA","765","NA","NA","NA","NA","NA","1809","NA","NA","1162","NA","NA","NA","NA","NA","5411","NA","NA","2","legacy","yes","1024","2","48000","-16","EXP","8","even","no","no","NA","14108","8936","8944","11685","14095","14095","86582","NA","44041","98051","39999","19548","42217","98556","98049","14108","44041","98556","99323","NA","85971","19548","42169","30579","39997","30579","30579","19548","NA","NA","NA","NA","NA","42219","NA","NA","40504","40504","41669","30030","29526","99823","NA","NA","NA","NA","NA","14110","NA","NA","Orientation_PSA2018","7","4041","7","yes","1024"
"F","5316","F","F","PP_LIST3.csv","tlphon.jpg","knife.jpg","100","100","567.125","567.125","#ffffff","yes","legacy","legacy","legacy","0","uniform","1","1","undefined","1","undefined","6","f","0","0","0","0","0","0","0","0","31","0","31","8","0","0","31","31","0","0","31","31","31","31","0","8","3","8","3","3","0","0","0","0","0","0","0","0","0","8","8","8","8","8","31","0","0","0","0","0","0","0","0","12/13/19 15:24:17","no","Matching Tasks","yes","","no","OrientationCrossLanguages_2018PSA_PP_1.2.4.osexp","C:\Users\lenovo\Desktop\scripts","no","chinese-japanese-korean","no","18","no","#0000ff","no","简体中文","yes","768","no","legacy","31","31","4","5","C:/Users/lenovo/Desktop/scripts/subject-8-2.csv","legacy","no","Kafkaesque Koffka","3.2.8","yes","5a7ce671e83246000deafe81","no","0","0","f","space","NA","f","NA","NA","NA","NA","NA","space","NA","NA","f","NA","NA","NA","NA","NA","f","NA","NA","496","997","NA","496","NA","NA","NA","NA","NA","1809","NA","NA","1162","NA","NA","NA","NA","NA","5411","NA","NA","2","legacy","yes","1024","2","48000","-16","EXP","8","even","no","no","NA","14108","8936","8944","11685","14095","14095","86582","NA","44041","99988","39999","19548","42217","100493","99985","14108","44041","100493","100991","NA","85971","19548","42169","30579","39997","30579","30579","19548","NA","NA","NA","NA","NA","42219","NA","NA","40504","40504","41669","30030","29526","101491","NA","NA","NA","NA","NA","14110","NA","NA","Orientation_PSA2018","8","4537","8","yes","1024"
"Y","5316","H","H","PP_LIST3.csv","ironH.jpg","ironH.jpg","100","100","577.111111111","577.111111111","#ffffff","yes","legacy","legacy","legacy","0","uniform","1","1","undefined","1","undefined","6","j","0","0","0","0","0","0","0","0","32","0","32","8","0","0","32","32","0","0","32","32","32","32","0","8","3","8","3","3","0","0","0","0","0","0","0","0","0","8","8","8","8","8","32","0","0","0","0","0","0","0","0","12/13/19 15:24:17","no","Matching Tasks","yes","","no","OrientationCrossLanguages_2018PSA_PP_1.2.4.osexp","C:\Users\lenovo\Desktop\scripts","no","chinese-japanese-korean","no","18","no","#0000ff","no","简体中文","yes","768","no","legacy","32","32","4","5","C:/Users/lenovo/Desktop/scripts/subject-8-2.csv","legacy","no","Kafkaesque Koffka","3.2.8","yes","5a7ce671e83246000deafe81","no","0","0","j","space","NA","j","NA","NA","NA","NA","NA","space","NA","NA","f","NA","NA","NA","NA","NA","f","NA","NA","657","997","NA","657","NA","NA","NA","NA","NA","1809","NA","NA","1162","NA","NA","NA","NA","NA","5411","NA","NA","2","legacy","yes","1024","2","48000","-16","EXP","8","even","no","no","NA","14108","8936","8944","11685","14095","14095","86582","NA","44041","101662","39999","19548","42217","102167","101660","14108","44041","102168","102828","NA","85971","19548","42169","30579","39997","30579","30579","19548","NA","NA","NA","NA","NA","42219","NA","NA","40504","40504","41669","30030","29526","103328","NA","NA","NA","NA","NA","14110","NA","NA","Orientation_PSA2018","9","5194","9","yes","1024"
"F","5316","F","F","PP_LIST3.csv","piano.jpg","sutcse.jpg","100","100","568.7","568.7","#ffffff","yes","legacy","legacy","legacy","0","uniform","1","1","undefined","1","undefined","6","f","0","0","0","0","0","0","0","0","33","0","33","8","0","0","33","33","0","0","33","33","33","33","0","8","3","8","3","3","0","0","0","0","0","0","0","0","0","8","8","8","8","8","33","0","0","0","0","0","0","0","0","12/13/19 15:24:17","no","Matching Tasks","yes","","no","OrientationCrossLanguages_2018PSA_PP_1.2.4.osexp","C:\Users\lenovo\Desktop\scripts","no","chinese-japanese-korean","no","18","no","#0000ff","no","简体中文","yes","768","no","legacy","33","33","4","5","C:/Users/lenovo/Desktop/scripts/subject-8-2.csv","legacy","no","Kafkaesque Koffka","3.2.8","yes","5a7ce671e83246000deafe81","no","0","0","f","space","NA","f","NA","NA","NA","NA","NA","space","NA","NA","f","NA","NA","NA","NA","NA","f","NA","NA","493","997","NA","493","NA","NA","NA","NA","NA","1809","NA","NA","1162","NA","NA","NA","NA","NA","5411","NA","NA","2","legacy","yes","1024","2","48000","-16","EXP","8","even","no","no","NA","14108","8936","8944","11685","14095","14095","86582","NA","44041","103514","39999","19548","42217","104019","103512","14108","44041","104019","104513","NA","85971","19548","42169","30579","39997","30579","30579","19548","NA","NA","NA","NA","NA","42219","NA","NA","40504","40504","41669","30030","29526","105014","NA","NA","NA","NA","NA","14110","NA","NA","Orientation_PSA2018","10","5687","10","yes","1024"
"N","5316","H","V","PP_LIST3.csv","bowlH.jpg","bowlV.jpg","100","100","564.909090909","564.909090909","#ffffff","yes","legacy","legacy","legacy","0","uniform","1","1","undefined","1","undefined","6","j","0","0","0","0","0","0","0","0","34","0","34","8","0","0","34","34","0","0","34","34","34","34","0","8","3","8","3","3","0","0","0","0","0","0","0","0","0","8","8","8","8","8","34","0","0","0","0","0","0","0","0","12/13/19 15:24:17","no","Matching Tasks","yes","","no","OrientationCrossLanguages_2018PSA_PP_1.2.4.osexp","C:\Users\lenovo\Desktop\scripts","no","chinese-japanese-korean","no","18","no","#0000ff","no","简体中文","yes","768","no","legacy","34","34","4","5","C:/Users/lenovo/Desktop/scripts/subject-8-2.csv","legacy","no","Kafkaesque Koffka","3.2.8","yes","5a7ce671e83246000deafe81","no","0","0","j","space","NA","j","NA","NA","NA","NA","NA","space","NA","NA","f","NA","NA","NA","NA","NA","f","NA","NA","527","997","NA","527","NA","NA","NA","NA","NA","1809","NA","NA","1162","NA","NA","NA","NA","NA","5411","NA","NA","2","legacy","yes","1024","2","48000","-16","EXP","8","even","no","no","NA","14108","8936","8944","11685","14095","14095","86582","NA","44041","105184","39999","19548","42217","105689","105182","14108","44041","105689","106218","NA","85971","19548","42169","30579","39997","30579","30579","19548","NA","NA","NA","NA","NA","42219","NA","NA","40504","40504","41669","30030","29526","106718","NA","NA","NA","NA","NA","14110","NA","NA","Orientation_PSA2018","11","6214","11","yes","1024"
"F","5316","F","F","PP_LIST3.csv","trmpet.jpg","tapedispenser.jpg","100","100","560.166666667","560.166666667","#ffffff","yes","legacy","legacy","legacy","0","uniform","1","1","undefined","1","undefined","6","f","0","0","0","0","0","0","0","0","35","0","35","8","0","0","35","35","0","0","35","35","35","35","0","8","3","8","3","3","0","0","0","0","0","0","0","0","0","8","8","8","8","8","35","0","0","0","0","0","0","0","0","12/13/19 15:24:17","no","Matching Tasks","yes","","no","OrientationCrossLanguages_2018PSA_PP_1.2.4.osexp","C:\Users\lenovo\Desktop\scripts","no","chinese-japanese-korean","no","18","no","#0000ff","no","简体中文","yes","768","no","legacy","35","35","4","5","C:/Users/lenovo/Desktop/scripts/subject-8-2.csv","legacy","no","Kafkaesque Koffka","3.2.8","yes","5a7ce671e83246000deafe81","no","0","0","f","space","NA","f","NA","NA","NA","NA","NA","space","NA","NA","f","NA","NA","NA","NA","NA","f","NA","NA","508","997","NA","508","NA","NA","NA","NA","NA","1809","NA","NA","1162","NA","NA","NA","NA","NA","5411","NA","NA","2","legacy","yes","1024","2","48000","-16","EXP","8","even","no","no","NA","14108","8936","8944","11685","14095","14095","86582","NA","44041","106884","39999","19548","42217","107389","106881","14108","44041","107389","107900","NA","85971","19548","42169","30579","39997","30579","30579","19548","NA","NA","NA","NA","NA","42219","NA","NA","40504","40504","41669","30030","29526","108400","NA","NA","NA","NA","NA","14110","NA","NA","Orientation_PSA2018","12","6722","12","yes","1024"
"F","5316","F","F","PP_LIST3.csv","spider.jpg","couch.jpg","100","100","563.384615385","563.384615385","#ffffff","yes","legacy","legacy","legacy","0","uniform","1","1","undefined","1","undefined","6","f","0","0","0","0","0","0","0","0","36","0","36","8","0","0","36","36","0","0","36","36","36","36","0","8","3","8","3","3","0","0","0","0","0","0","0","0","0","8","8","8","8","8","36","0","0","0","0","0","0","0","0","12/13/19 15:24:17","no","Matching Tasks","yes","","no","OrientationCrossLanguages_2018PSA_PP_1.2.4.osexp","C:\Users\lenovo\Desktop\scripts","no","chinese-japanese-korean","no","18","no","#0000ff","no","简体中文","yes","768","no","legacy","36","36","4","5","C:/Users/lenovo/Desktop/scripts/subject-8-2.csv","legacy","no","Kafkaesque Koffka","3.2.8","yes","5a7ce671e83246000deafe81","no","0","0","f","space","NA","f","NA","NA","NA","NA","NA","space","NA","NA","f","NA","NA","NA","NA","NA","f","NA","NA","602","997","NA","602","NA","NA","NA","NA","NA","1809","NA","NA","1162","NA","NA","NA","NA","NA","5411","NA","NA","2","legacy","yes","1024","2","48000","-16","EXP","8","even","no","no","NA","14108","8936","8944","11685","14095","14095","86582","NA","44041","108560","39999","19548","42217","109065","108558","14108","44041","109065","109669","NA","85971","19548","42169","30579","39997","30579","30579","19548","NA","NA","NA","NA","NA","42219","NA","NA","40504","40504","41669","30030","29526","110169","NA","NA","NA","NA","NA","14110","NA","NA","Orientation_PSA2018","13","7324","13","yes","1024"
"Y","5316","H","H","PP_LIST3.csv","nailH.jpg","nailH.jpg","100","100","554.5","554.5","#ffffff","yes","legacy","legacy","legacy","0","uniform","1","1","undefined","1","undefined","6","j","0","0","0","0","0","0","0","0","37","0","37","8","0","0","37","37","0","0","37","37","37","37","0","8","3","8","3","3","0","0","0","0","0","0","0","0","0","8","8","8","8","8","37","0","0","0","0","0","0","0","0","12/13/19 15:24:17","no","Matching Tasks","yes","","no","OrientationCrossLanguages_2018PSA_PP_1.2.4.osexp","C:\Users\lenovo\Desktop\scripts","no","chinese-japanese-korean","no","18","no","#0000ff","no","简体中文","yes","768","no","legacy","37","37","4","5","C:/Users/lenovo/Desktop/scripts/subject-8-2.csv","legacy","no","Kafkaesque Koffka","3.2.8","yes","5a7ce671e83246000deafe81","no","0","0","j","space","NA","j","NA","NA","NA","NA","NA","space","NA","NA","f","NA","NA","NA","NA","NA","f","NA","NA","439","997","NA","439","NA","NA","NA","NA","NA","1809","NA","NA","1162","NA","NA","NA","NA","NA","5411","NA","NA","2","legacy","yes","1024","2","48000","-16","EXP","8","even","no","no","NA","14108","8936","8944","11685","14095","14095","86582","NA","44041","110334","39999","19548","42217","110840","110332","14108","44041","110840","111281","NA","85971","19548","42169","30579","39997","30579","30579","19548","NA","NA","NA","NA","NA","42219","NA","NA","40504","40504","41669","30030","29526","111781","NA","NA","NA","NA","NA","14110","NA","NA","Orientation_PSA2018","14","7763","14","yes","1024"
"F","5316","F","F","PP_LIST3.csv","watch.jpg","skirt.jpg","100","100","549.333333333","549.333333333","#ffffff","yes","legacy","legacy","legacy","0","uniform","1","1","undefined","1","undefined","6","f","0","0","0","0","0","0","0","0","38","0","38","8","0","0","38","38","0","0","38","38","38","38","0","8","3","8","3","3","0","0","0","0","0","0","0","0","0","8","8","8","8","8","38","0","0","0","0","0","0","0","0","12/13/19 15:24:17","no","Matching Tasks","yes","","no","OrientationCrossLanguages_2018PSA_PP_1.2.4.osexp","C:\Users\lenovo\Desktop\scripts","no","chinese-japanese-korean","no","18","no","#0000ff","no","简体中文","yes","768","no","legacy","38","38","4","5","C:/Users/lenovo/Desktop/scripts/subject-8-2.csv","legacy","no","Kafkaesque Koffka","3.2.8","yes","5a7ce671e83246000deafe81","no","0","0","f","space","NA","f","NA","NA","NA","NA","NA","space","NA","NA","f","NA","NA","NA","NA","NA","f","NA","NA","477","997","NA","477","NA","NA","NA","NA","NA","1809","NA","NA","1162","NA","NA","NA","NA","NA","5411","NA","NA","2","legacy","yes","1024","2","48000","-16","EXP","8","even","no","no","NA","14108","8936","8944","11685","14095","14095","86582","NA","44041","111950","39999","19548","42217","112455","111947","14108","44041","112455","112934","NA","85971","19548","42169","30579","39997","30579","30579","19548","NA","NA","NA","NA","NA","42219","NA","NA","40504","40504","41669","30030","29526","113434","NA","NA","NA","NA","NA","14110","NA","NA","Orientation_PSA2018","15","8240","15","yes","1024"
"F","5316","F","F","PP_LIST3.csv","tapedispenser.jpg","wrench.jpg","100","100","542.875","542.875","#ffffff","yes","legacy","legacy","legacy","0","uniform","1","1","undefined","1","undefined","6","f","0","0","0","0","0","0","0","0","39","0","39","8","0","0","39","39","0","0","39","39","39","39","0","8","3","8","3","3","0","0","0","0","0","0","0","0","0","8","8","8","8","8","39","0","0","0","0","0","0","0","0","12/13/19 15:24:17","no","Matching Tasks","yes","","no","OrientationCrossLanguages_2018PSA_PP_1.2.4.osexp","C:\Users\lenovo\Desktop\scripts","no","chinese-japanese-korean","no","18","no","#0000ff","no","简体中文","yes","768","no","legacy","39","39","4","5","C:/Users/lenovo/Desktop/scripts/subject-8-2.csv","legacy","no","Kafkaesque Koffka","3.2.8","yes","5a7ce671e83246000deafe81","no","0","0","f","space","NA","f","NA","NA","NA","NA","NA","space","NA","NA","f","NA","NA","NA","NA","NA","f","NA","NA","446","997","NA","446","NA","NA","NA","NA","NA","1809","NA","NA","1162","NA","NA","NA","NA","NA","5411","NA","NA","2","legacy","yes","1024","2","48000","-16","EXP","8","even","no","no","NA","14108","8936","8944","11685","14095","14095","86582","NA","44041","113619","39999","19548","42217","114124","113617","14108","44041","114124","114572","NA","85971","19548","42169","30579","39997","30579","30579","19548","NA","NA","NA","NA","NA","42219","NA","NA","40504","40504","41669","30030","29526","115072","NA","NA","NA","NA","NA","14110","NA","NA","Orientation_PSA2018","16","8686","16","yes","1024"
"N","5316","V","H","PP_LIST3.csv","brushV.jpg","brushH.jpg","100","100","544.941176471","544.941176471","#ffffff","yes","legacy","legacy","legacy","0","uniform","1","1","undefined","1","undefined","6","j","0","0","0","0","0","0","0","0","40","0","40","8","0","0","40","40","0","0","40","40","40","40","0","8","3","8","3","3","0","0","0","0","0","0","0","0","0","8","8","8","8","8","40","0","0","0","0","0","0","0","0","12/13/19 15:24:17","no","Matching Tasks","yes","","no","OrientationCrossLanguages_2018PSA_PP_1.2.4.osexp","C:\Users\lenovo\Desktop\scripts","no","chinese-japanese-korean","no","18","no","#0000ff","no","简体中文","yes","768","no","legacy","40","40","4","5","C:/Users/lenovo/Desktop/scripts/subject-8-2.csv","legacy","no","Kafkaesque Koffka","3.2.8","yes","5a7ce671e83246000deafe81","no","0","0","j","space","NA","j","NA","NA","NA","NA","NA","space","NA","NA","f","NA","NA","NA","NA","NA","f","NA","NA","578","997","NA","578","NA","NA","NA","NA","NA","1809","NA","NA","1162","NA","NA","NA","NA","NA","5411","NA","NA","2","legacy","yes","1024","2","48000","-16","EXP","8","even","no","no","NA","14108","8936","8944","11685","14095","14095","86582","NA","44041","115248","39999","19548","42217","115753","115246","14108","44041","115753","116334","NA","85971","19548","42169","30579","39997","30579","30579","19548","NA","NA","NA","NA","NA","42219","NA","NA","40504","40504","41669","30030","29526","116834","NA","NA","NA","NA","NA","14110","NA","NA","Orientation_PSA2018","17","9264","17","yes","1024"
"F","5316","F","F","PP_LIST3.csv","sutcse.jpg","pumpkin.jpg","100","100","543.444444444","543.444444444","#ffffff","yes","legacy","legacy","legacy","0","uniform","1","1","undefined","1","undefined","6","f","0","0","0","0","0","0","0","0","41","0","41","8","0","0","41","41","0","0","41","41","41","41","0","8","3","8","3","3","0","0","0","0","0","0","0","0","0","8","8","8","8","8","41","0","0","0","0","0","0","0","0","12/13/19 15:24:17","no","Matching Tasks","yes","","no","OrientationCrossLanguages_2018PSA_PP_1.2.4.osexp","C:\Users\lenovo\Desktop\scripts","no","chinese-japanese-korean","no","18","no","#0000ff","no","简体中文","yes","768","no","legacy","41","41","4","5","C:/Users/lenovo/Desktop/scripts/subject-8-2.csv","legacy","no","Kafkaesque Koffka","3.2.8","yes","5a7ce671e83246000deafe81","no","0","0","f","space","NA","f","NA","NA","NA","NA","NA","space","NA","NA","f","NA","NA","NA","NA","NA","f","NA","NA","518","997","NA","518","NA","NA","NA","NA","NA","1809","NA","NA","1162","NA","NA","NA","NA","NA","5411","NA","NA","2","legacy","yes","1024","2","48000","-16","EXP","8","even","no","no","NA","14108","8936","8944","11685","14095","14095","86582","NA","44041","116997","39999","19548","42217","117502","116995","14108","44041","117502","118023","NA","85971","19548","42169","30579","39997","30579","30579","19548","NA","NA","NA","NA","NA","42219","NA","NA","40504","40504","41669","30030","29526","118523","NA","NA","NA","NA","NA","14110","NA","NA","Orientation_PSA2018","18","9782","18","yes","1024"
"N","5316","V","H","PP_LIST3.csv","flashV.jpg","flashH.jpg","100","100","542.578947368","542.578947368","#ffffff","yes","legacy","legacy","legacy","0","uniform","1","1","undefined","1","undefined","6","j","0","0","0","0","0","0","0","0","42","0","42","8","0","0","42","42","0","0","42","42","42","42","0","8","3","8","3","3","0","0","0","0","0","0","0","0","0","8","8","8","8","8","42","0","0","0","0","0","0","0","0","12/13/19 15:24:17","no","Matching Tasks","yes","","no","OrientationCrossLanguages_2018PSA_PP_1.2.4.osexp","C:\Users\lenovo\Desktop\scripts","no","chinese-japanese-korean","no","18","no","#0000ff","no","简体中文","yes","768","no","legacy","42","42","4","5","C:/Users/lenovo/Desktop/scripts/subject-8-2.csv","legacy","no","Kafkaesque Koffka","3.2.8","yes","5a7ce671e83246000deafe81","no","0","0","j","space","NA","j","NA","NA","NA","NA","NA","space","NA","NA","f","NA","NA","NA","NA","NA","f","NA","NA","527","997","NA","527","NA","NA","NA","NA","NA","1809","NA","NA","1162","NA","NA","NA","NA","NA","5411","NA","NA","2","legacy","yes","1024","2","48000","-16","EXP","8","even","no","no","NA","14108","8936","8944","11685","14095","14095","86582","NA","44041","118685","39999","19548","42217","119190","118683","14108","44041","119190","119719","NA","85971","19548","42169","30579","39997","30579","30579","19548","NA","NA","NA","NA","NA","42219","NA","NA","40504","40504","41669","30030","29526","120219","NA","NA","NA","NA","NA","14110","NA","NA","Orientation_PSA2018","19","10309","19","yes","1024"
"F","5316","F","F","PP_LIST3.csv","mitten.jpg","needle.jpg","100","100","542.35","542.35","#ffffff","yes","legacy","legacy","legacy","0","uniform","1","1","undefined","1","undefined","6","f","0","0","0","0","0","0","0","0","43","0","43","8","0","0","43","43","0","0","43","43","43","43","0","8","3","8","3","3","0","0","0","0","0","0","0","0","0","8","8","8","8","8","43","0","0","0","0","0","0","0","0","12/13/19 15:24:17","no","Matching Tasks","yes","","no","OrientationCrossLanguages_2018PSA_PP_1.2.4.osexp","C:\Users\lenovo\Desktop\scripts","no","chinese-japanese-korean","no","18","no","#0000ff","no","简体中文","yes","768","no","legacy","43","43","4","5","C:/Users/lenovo/Desktop/scripts/subject-8-2.csv","legacy","no","Kafkaesque Koffka","3.2.8","yes","5a7ce671e83246000deafe81","no","0","0","f","space","NA","f","NA","NA","NA","NA","NA","space","NA","NA","f","NA","NA","NA","NA","NA","f","NA","NA","538","997","NA","538","NA","NA","NA","NA","NA","1809","NA","NA","1162","NA","NA","NA","NA","NA","5411","NA","NA","2","legacy","yes","1024","2","48000","-16","EXP","8","even","no","no","NA","14108","8936","8944","11685","14095","14095","86582","NA","44041","120385","39999","19548","42217","120890","120382","14108","44041","120890","121431","NA","85971","19548","42169","30579","39997","30579","30579","19548","NA","NA","NA","NA","NA","42219","NA","NA","40504","40504","41669","30030","29526","121931","NA","NA","NA","NA","NA","14110","NA","NA","Orientation_PSA2018","20","10847","20","yes","1024"
"F","5316","F","F","PP_LIST3.csv","needle.jpg","tiger.jpg","100","100","543.095238095","543.095238095","#ffffff","yes","legacy","legacy","legacy","0","uniform","1","1","undefined","1","undefined","6","f","0","0","0","0","0","0","0","0","44","0","44","8","0","0","44","44","0","0","44","44","44","44","0","8","3","8","3","3","0","0","0","0","0","0","0","0","0","8","8","8","8","8","44","0","0","0","0","0","0","0","0","12/13/19 15:24:17","no","Matching Tasks","yes","","no","OrientationCrossLanguages_2018PSA_PP_1.2.4.osexp","C:\Users\lenovo\Desktop\scripts","no","chinese-japanese-korean","no","18","no","#0000ff","no","简体中文","yes","768","no","legacy","44","44","4","5","C:/Users/lenovo/Desktop/scripts/subject-8-2.csv","legacy","no","Kafkaesque Koffka","3.2.8","yes","5a7ce671e83246000deafe81","no","0","0","f","space","NA","f","NA","NA","NA","NA","NA","space","NA","NA","f","NA","NA","NA","NA","NA","f","NA","NA","558","997","NA","558","NA","NA","NA","NA","NA","1809","NA","NA","1162","NA","NA","NA","NA","NA","5411","NA","NA","2","legacy","yes","1024","2","48000","-16","EXP","8","even","no","no","NA","14108","8936","8944","11685","14095","14095","86582","NA","44041","122097","39999","19548","42217","122602","122095","14108","44041","122602","123162","NA","85971","19548","42169","30579","39997","30579","30579","19548","NA","NA","NA","NA","NA","42219","NA","NA","40504","40504","41669","30030","29526","123662","NA","NA","NA","NA","NA","14110","NA","NA","Orientation_PSA2018","21","11405","21","yes","1024"
"Y","5316","H","H","PP_LIST3.csv","guitarH.jpg","guitarH.jpg","100","100","541.318181818","541.318181818","#ffffff","yes","legacy","legacy","legacy","0","uniform","1","1","undefined","1","undefined","6","j","0","0","0","0","0","0","0","0","45","0","45","8","0","0","45","45","0","0","45","45","45","45","0","8","3","8","3","3","0","0","0","0","0","0","0","0","0","8","8","8","8","8","45","0","0","0","0","0","0","0","0","12/13/19 15:24:17","no","Matching Tasks","yes","","no","OrientationCrossLanguages_2018PSA_PP_1.2.4.osexp","C:\Users\lenovo\Desktop\scripts","no","chinese-japanese-korean","no","18","no","#0000ff","no","简体中文","yes","768","no","legacy","45","45","4","5","C:/Users/lenovo/Desktop/scripts/subject-8-2.csv","legacy","no","Kafkaesque Koffka","3.2.8","yes","5a7ce671e83246000deafe81","no","0","0","j","space","NA","j","NA","NA","NA","NA","NA","space","NA","NA","f","NA","NA","NA","NA","NA","f","NA","NA","504","997","NA","504","NA","NA","NA","NA","NA","1809","NA","NA","1162","NA","NA","NA","NA","NA","5411","NA","NA","2","legacy","yes","1024","2","48000","-16","EXP","8","even","no","no","NA","14108","8936","8944","11685","14095","14095","86582","NA","44041","123860","39999","19548","42217","124365","123858","14108","44041","124365","124871","NA","85971","19548","42169","30579","39997","30579","30579","19548","NA","NA","NA","NA","NA","42219","NA","NA","40504","40504","41669","30030","29526","125371","NA","NA","NA","NA","NA","14110","NA","NA","Orientation_PSA2018","22","11909","22","yes","1024"
"F","5316","F","F","PP_LIST3.csv","ring.jpg","stove.jpg","100","100","538.739130435","538.739130435","#ffffff","yes","legacy","legacy","legacy","0","uniform","1","1","undefined","1","undefined","6","f","0","0","0","0","0","0","0","0","46","0","46","8","0","0","46","46","0","0","46","46","46","46","0","8","3","8","3","3","0","0","0","0","0","0","0","0","0","8","8","8","8","8","46","0","0","0","0","0","0","0","0","12/13/19 15:24:17","no","Matching Tasks","yes","","no","OrientationCrossLanguages_2018PSA_PP_1.2.4.osexp","C:\Users\lenovo\Desktop\scripts","no","chinese-japanese-korean","no","18","no","#0000ff","no","简体中文","yes","768","no","legacy","46","46","4","5","C:/Users/lenovo/Desktop/scripts/subject-8-2.csv","legacy","no","Kafkaesque Koffka","3.2.8","yes","5a7ce671e83246000deafe81","no","0","0","f","space","NA","f","NA","NA","NA","NA","NA","space","NA","NA","f","NA","NA","NA","NA","NA","f","NA","NA","482","997","NA","482","NA","NA","NA","NA","NA","1809","NA","NA","1162","NA","NA","NA","NA","NA","5411","NA","NA","2","legacy","yes","1024","2","48000","-16","EXP","8","even","no","no","NA","14108","8936","8944","11685","14095","14095","86582","NA","44041","125536","39999","19548","42217","126041","125534","14108","44041","126041","126525","NA","85971","19548","42169","30579","39997","30579","30579","19548","NA","NA","NA","NA","NA","42219","NA","NA","40504","40504","41669","30030","29526","127025","NA","NA","NA","NA","NA","14110","NA","NA","Orientation_PSA2018","23","12391","23","yes","1024"
"F","5316","F","F","PP_LIST3.csv","couch.jpg","spider.jpg","100","100","536.75","536.75","#ffffff","yes","legacy","legacy","legacy","0","uniform","1","1","undefined","1","undefined","6","f","0","0","0","0","0","0","0","0","47","0","47","8","0","0","47","47","0","0","47","47","47","47","0","8","3","8","3","3","0","0","0","0","0","0","0","0","0","8","8","8","8","8","47","0","0","0","0","0","0","0","0","12/13/19 15:24:17","no","Matching Tasks","yes","","no","OrientationCrossLanguages_2018PSA_PP_1.2.4.osexp","C:\Users\lenovo\Desktop\scripts","no","chinese-japanese-korean","no","18","no","#0000ff","no","简体中文","yes","768","no","legacy","47","47","4","5","C:/Users/lenovo/Desktop/scripts/subject-8-2.csv","legacy","no","Kafkaesque Koffka","3.2.8","yes","5a7ce671e83246000deafe81","no","0","0","f","space","NA","f","NA","NA","NA","NA","NA","space","NA","NA","f","NA","NA","NA","NA","NA","f","NA","NA","491","997","NA","491","NA","NA","NA","NA","NA","1809","NA","NA","1162","NA","NA","NA","NA","NA","5411","NA","NA","2","legacy","yes","1024","2","48000","-16","EXP","8","even","no","no","NA","14108","8936","8944","11685","14095","14095","86582","NA","44041","127189","39999","19548","42217","127695","127188","14108","44041","127696","128189","NA","85971","19548","42169","30579","39997","30579","30579","19548","NA","NA","NA","NA","NA","42219","NA","NA","40504","40504","41669","30030","29526","128689","NA","NA","NA","NA","NA","14110","NA","NA","Orientation_PSA2018","24","12882","24","yes","1024"
