"Identical","LAB_SEED","Orientation1","Orientation2","PPList","Picture1","Picture2","acc","accuracy","average_response_time","avg_rt","background","bidi","canvas_backend","clock_backend","color_backend","compensation","coordinates","correct","correct_Pictures_response","correct_Start_SPA","correct_Target_response_Prac","correct_Welcome_PP_SPA","correct_count","correct_response","count_Check_This","count_Disable_Mouse","count_EXP","count_LAB_SEED","count_Language_Selection","count_List_Select","count_List_Selection","count_Pictures_Break","count_Pictures_End","count_Pictures_Exp","count_Pictures_Fixation","count_Pictures_Fixation_Prac","count_Pictures_Prac","count_Pictures_Start","count_Pictures_Target","count_Pictures_Trial","count_Pictures_Welcome","count_Pictures_loop","count_Pictures_response","count_Pictures_response_correct","count_Pictures_response_noans","count_Pictures_response_wrong","count_Prac","count_Prac_Count","count_Prac_Reset","count_Prac_Trial","count_Prac_loop","count_Prac_seq","count_Prac_setup","count_Start_DE","count_Start_E","count_Start_ELL","count_Start_HEB","count_Start_HIN","count_Start_HUN","count_Start_NOR","count_Start_PL","count_Start_POR","count_Start_SC","count_Start_SLK","count_Start_SPA","count_Start_TC","count_Start_THAI","count_Start_TUR","count_Target_Prac","count_Target_response_Prac","count_Target_response_correct_Prac","count_Target_response_noans_Prac","count_Target_response_wrong_Prac","count_Trial_logger","count_Welcome_PP_DE","count_Welcome_PP_E","count_Welcome_PP_ELL","count_Welcome_PP_HEB","count_Welcome_PP_HIN","count_Welcome_PP_HUN","count_Welcome_PP_NOR","count_Welcome_PP_PL","count_Welcome_PP_POR","count_Welcome_PP_SC","count_Welcome_PP_SLK","count_Welcome_PP_SPA","count_Welcome_PP_TC","count_Welcome_PP_THAI","count_Welcome_PP_TUR","datetime","de","description","disable_garbage_collection","ell","empty_column","en","experiment_file","experiment_path","font_bold","font_family","font_italic","font_size","font_underline","foreground","form_clicks","form_response","fullscreen","heb","height","hin","hun","keyboard_backend","live_row","live_row_Pictures_loop","live_row_Prac","live_row_Prac_loop","logfile","mouse_backend","nor","opensesame_codename","opensesame_version","osf_always_upload_experiment","osf_id","pol","por","repeat_cycle","reset_loop","response","response_Pictures_Break","response_Pictures_End","response_Pictures_response","response_Start_DE","response_Start_E","response_Start_ELL","response_Start_HEB","response_Start_HIN","response_Start_HUN","response_Start_NOR","response_Start_PL","response_Start_POR","response_Start_SC","response_Start_SLK","response_Start_SPA","response_Start_TC","response_Start_THAI","response_Start_TUR","response_Target_response_Prac","response_Welcome_PP_DE","response_Welcome_PP_E","response_Welcome_PP_ELL","response_Welcome_PP_HEB","response_Welcome_PP_HIN","response_Welcome_PP_HUN","response_Welcome_PP_NOR","response_Welcome_PP_PL","response_Welcome_PP_POR","response_Welcome_PP_SC","response_Welcome_PP_SLK","response_Welcome_PP_SPA","response_Welcome_PP_TC","response_Welcome_PP_THAI","response_Welcome_PP_TUR","response_time","response_time_Pictures_Break","response_time_Pictures_End","response_time_Pictures_response","response_time_Start_DE","response_time_Start_E","response_time_Start_ELL","response_time_Start_HEB","response_time_Start_HIN","response_time_Start_HUN","response_time_Start_NOR","response_time_Start_PL","response_time_Start_POR","response_time_Start_SC","response_time_Start_SLK","response_time_Start_SPA","response_time_Start_TC","response_time_Start_THAI","response_time_Start_TUR","response_time_Target_response_Prac","response_time_Welcome_PP_DE","response_time_Welcome_PP_E","response_time_Welcome_PP_ELL","response_time_Welcome_PP_HEB","response_time_Welcome_PP_HIN","response_time_Welcome_PP_HUN","response_time_Welcome_PP_NOR","response_time_Welcome_PP_PL","response_time_Welcome_PP_POR","response_time_Welcome_PP_SC","response_time_Welcome_PP_SLK","response_time_Welcome_PP_SPA","response_time_Welcome_PP_TC","response_time_Welcome_PP_THAI","response_time_Welcome_PP_TUR","round_decimals","sampler_backend","sc","slk","sound_buf_size","sound_channels","sound_freq","sound_sample_size","spa","start","subject_nr","subject_parity","tc","thai","time_Check_This","time_Disable_Mouse","time_EXP","time_LAB_SEED","time_Language_Selection","time_List_Select","time_List_Selection","time_Pictures_Break","time_Pictures_End","time_Pictures_Exp","time_Pictures_Fixation","time_Pictures_Fixation_Prac","time_Pictures_Prac","time_Pictures_Start","time_Pictures_Target","time_Pictures_Trial","time_Pictures_Welcome","time_Pictures_loop","time_Pictures_response","time_Pictures_response_correct","time_Pictures_response_noans","time_Pictures_response_wrong","time_Prac","time_Prac_Count","time_Prac_Reset","time_Prac_Trial","time_Prac_loop","time_Prac_seq","time_Prac_setup","time_Start_DE","time_Start_E","time_Start_ELL","time_Start_HEB","time_Start_HIN","time_Start_HUN","time_Start_NOR","time_Start_PL","time_Start_POR","time_Start_SC","time_Start_SLK","time_Start_SPA","time_Start_TC","time_Start_THAI","time_Start_TUR","time_Target_Prac","time_Target_response_Prac","time_Target_response_correct_Prac","time_Target_response_noans_Prac","time_Target_response_wrong_Prac","time_Trial_logger","time_Welcome_PP_DE","time_Welcome_PP_E","time_Welcome_PP_ELL","time_Welcome_PP_HEB","time_Welcome_PP_HIN","time_Welcome_PP_HUN","time_Welcome_PP_NOR","time_Welcome_PP_PL","time_Welcome_PP_POR","time_Welcome_PP_SC","time_Welcome_PP_SLK","time_Welcome_PP_SPA","time_Welcome_PP_TC","time_Welcome_PP_THAI","time_Welcome_PP_TUR","title","total_correct","total_response_time","total_responses","tur","uniform_coordinates","width"
"F","8016","F","F","PP_LIST2.csv","sutcse.jpg","pumpkin.jpg","80","80","861.066666667","861.066666667","#ffffff","yes","legacy","legacy","legacy","0","uniform","1","1","undefined","1","undefined","6","f","0","0","0","0","0","0","0","NA","0","0","0","13","0","0","0","0","0","0","0","0","0","0","0","13","3","13","3","3","0","0","0","0","0","0","0","0","0","0","0","0","0","0","0","0","13","13","13","13","13","0","0","0","0","0","0","0","0","0","0","0","0","0","0","0","0","12/16/19 16:18:04","no","Matching Tasks","yes","no","","no","OrientationCrossLanguages_2018PSA_PP_1.2.4.osexp","C:\psa","no","mono","no","18","no","#0000ff","no","Español","yes","no","768","no","no","legacy","0","0","4","5","C:/psa/ECU_001_SP_27.csv","legacy","no","Kafkaesque Koffka","3.2.8","yes","5a7ce671e83246000deafe81","no","no","0","0","F","NA","NA","F","NA","NA","NA","NA","NA","NA","NA","NA","NA","NA","NA","space","NA","NA","NA","F","NA","NA","NA","NA","NA","NA","NA","NA","NA","NA","NA","space","NA","NA","NA","814","NA","NA","814","NA","NA","NA","NA","NA","NA","NA","NA","NA","NA","NA","4817","NA","NA","NA","625","NA","NA","NA","NA","NA","NA","NA","NA","NA","NA","NA","10290","NA","NA","NA","2","legacy","no","no","1024","2","48000","-16","yes","EXP","27","odd","no","no","NA","12023","4987","4989","10002","12008","12008","NA","NA","55327","55452","48825","22327","50495","55955","55451","12023","55327","55955","56772","NA","NA","22327","50455","39256","48823","39256","39256","22327","NA","NA","NA","NA","NA","NA","NA","NA","NA","NA","NA","50498","NA","NA","NA","49327","49327","49955","25448","38726","57272","NA","NA","NA","NA","NA","NA","NA","NA","NA","NA","NA","12025","NA","NA","NA","Orientation_PSA2018","12","12916","15","no","yes","1024"
"Y","8016","H","H","PP_LIST2.csv","tireH.jpg","tireH.jpg","81.25","81.25","852.125","852.125","#ffffff","yes","legacy","legacy","legacy","0","uniform","1","1","undefined","1","undefined","6","j","0","0","0","0","0","0","0","NA","1","0","1","13","0","0","1","1","0","0","1","1","1","1","0","13","3","13","3","3","0","0","0","0","0","0","0","0","0","0","0","0","0","0","0","0","13","13","13","13","13","1","0","0","0","0","0","0","0","0","0","0","0","0","0","0","0","12/16/19 16:18:04","no","Matching Tasks","yes","no","","no","OrientationCrossLanguages_2018PSA_PP_1.2.4.osexp","C:\psa","no","mono","no","18","no","#0000ff","no","Español","yes","no","768","no","no","legacy","1","1","4","5","C:/psa/ECU_001_SP_27.csv","legacy","no","Kafkaesque Koffka","3.2.8","yes","5a7ce671e83246000deafe81","no","no","0","0","J","NA","NA","J","NA","NA","NA","NA","NA","NA","NA","NA","NA","NA","NA","space","NA","NA","NA","F","NA","NA","NA","NA","NA","NA","NA","NA","NA","NA","NA","space","NA","NA","NA","718","NA","NA","718","NA","NA","NA","NA","NA","NA","NA","NA","NA","NA","NA","4817","NA","NA","NA","625","NA","NA","NA","NA","NA","NA","NA","NA","NA","NA","NA","10290","NA","NA","NA","2","legacy","no","no","1024","2","48000","-16","yes","EXP","27","odd","no","no","NA","12023","4987","4989","10002","12008","12008","NA","NA","55327","58809","48825","22327","50495","59311","58806","12023","55327","59311","60031","NA","NA","22327","50455","39256","48823","39256","39256","22327","NA","NA","NA","NA","NA","NA","NA","NA","NA","NA","NA","50498","NA","NA","NA","49327","49327","49955","25448","38726","60531","NA","NA","NA","NA","NA","NA","NA","NA","NA","NA","NA","12025","NA","NA","NA","Orientation_PSA2018","13","13634","16","no","yes","1024"
"N","8016","H","V","PP_LIST2.csv","flashH.jpg","flashV.jpg","82.3529411765","82.3529411765","859.294117647","859.294117647","#ffffff","yes","legacy","legacy","legacy","0","uniform","1","1","undefined","1","undefined","6","j","0","0","0","0","0","0","0","NA","2","0","2","13","0","0","2","2","0","0","2","2","2","2","0","13","3","13","3","3","0","0","0","0","0","0","0","0","0","0","0","0","0","0","0","0","13","13","13","13","13","2","0","0","0","0","0","0","0","0","0","0","0","0","0","0","0","12/16/19 16:18:04","no","Matching Tasks","yes","no","","no","OrientationCrossLanguages_2018PSA_PP_1.2.4.osexp","C:\psa","no","mono","no","18","no","#0000ff","no","Español","yes","no","768","no","no","legacy","2","2","4","5","C:/psa/ECU_001_SP_27.csv","legacy","no","Kafkaesque Koffka","3.2.8","yes","5a7ce671e83246000deafe81","no","no","0","0","J","NA","NA","J","NA","NA","NA","NA","NA","NA","NA","NA","NA","NA","NA","space","NA","NA","NA","F","NA","NA","NA","NA","NA","NA","NA","NA","NA","NA","NA","space","NA","NA","NA","974","NA","NA","974","NA","NA","NA","NA","NA","NA","NA","NA","NA","NA","NA","4817","NA","NA","NA","625","NA","NA","NA","NA","NA","NA","NA","NA","NA","NA","NA","10290","NA","NA","NA","2","legacy","no","no","1024","2","48000","-16","yes","EXP","27","odd","no","no","NA","12023","4987","4989","10002","12008","12008","NA","NA","55327","60966","48825","22327","50495","61468","60964","12023","55327","61468","62444","NA","NA","22327","50455","39256","48823","39256","39256","22327","NA","NA","NA","NA","NA","NA","NA","NA","NA","NA","NA","50498","NA","NA","NA","49327","49327","49955","25448","38726","62944","NA","NA","NA","NA","NA","NA","NA","NA","NA","NA","NA","12025","NA","NA","NA","Orientation_PSA2018","14","14608","17","no","yes","1024"
"F","8016","F","F","PP_LIST2.csv","mitten.jpg","needle.jpg","83.3333333333","83.3333333333","860.888888889","860.888888889","#ffffff","yes","legacy","legacy","legacy","0","uniform","1","1","undefined","1","undefined","6","f","0","0","0","0","0","0","0","NA","3","0","3","13","0","0","3","3","0","0","3","3","3","3","0","13","3","13","3","3","0","0","0","0","0","0","0","0","0","0","0","0","0","0","0","0","13","13","13","13","13","3","0","0","0","0","0","0","0","0","0","0","0","0","0","0","0","12/16/19 16:18:04","no","Matching Tasks","yes","no","","no","OrientationCrossLanguages_2018PSA_PP_1.2.4.osexp","C:\psa","no","mono","no","18","no","#0000ff","no","Español","yes","no","768","no","no","legacy","3","3","4","5","C:/psa/ECU_001_SP_27.csv","legacy","no","Kafkaesque Koffka","3.2.8","yes","5a7ce671e83246000deafe81","no","no","0","0","F","NA","NA","F","NA","NA","NA","NA","NA","NA","NA","NA","NA","NA","NA","space","NA","NA","NA","F","NA","NA","NA","NA","NA","NA","NA","NA","NA","NA","NA","space","NA","NA","NA","888","NA","NA","888","NA","NA","NA","NA","NA","NA","NA","NA","NA","NA","NA","4817","NA","NA","NA","625","NA","NA","NA","NA","NA","NA","NA","NA","NA","NA","NA","10290","NA","NA","NA","2","legacy","no","no","1024","2","48000","-16","yes","EXP","27","odd","no","no","NA","12023","4987","4989","10002","12008","12008","NA","NA","55327","63100","48825","22327","50495","63602","63097","12023","55327","63602","64492","NA","NA","22327","50455","39256","48823","39256","39256","22327","NA","NA","NA","NA","NA","NA","NA","NA","NA","NA","NA","50498","NA","NA","NA","49327","49327","49955","25448","38726","64993","NA","NA","NA","NA","NA","NA","NA","NA","NA","NA","NA","12025","NA","NA","NA","Orientation_PSA2018","15","15496","18","no","yes","1024"
"Y","8016","H","H","PP_LIST2.csv","plateH.jpg","plateH.jpg","84.2105263158","84.2105263158","843.947368421","843.947368421","#ffffff","yes","legacy","legacy","legacy","0","uniform","1","1","undefined","1","undefined","6","j","0","0","0","0","0","0","0","NA","4","0","4","13","0","0","4","4","0","0","4","4","4","4","0","13","3","13","3","3","0","0","0","0","0","0","0","0","0","0","0","0","0","0","0","0","13","13","13","13","13","4","0","0","0","0","0","0","0","0","0","0","0","0","0","0","0","12/16/19 16:18:04","no","Matching Tasks","yes","no","","no","OrientationCrossLanguages_2018PSA_PP_1.2.4.osexp","C:\psa","no","mono","no","18","no","#0000ff","no","Español","yes","no","768","no","no","legacy","4","4","4","5","C:/psa/ECU_001_SP_27.csv","legacy","no","Kafkaesque Koffka","3.2.8","yes","5a7ce671e83246000deafe81","no","no","0","0","J","NA","NA","J","NA","NA","NA","NA","NA","NA","NA","NA","NA","NA","NA","space","NA","NA","NA","F","NA","NA","NA","NA","NA","NA","NA","NA","NA","NA","NA","space","NA","NA","NA","539","NA","NA","539","NA","NA","NA","NA","NA","NA","NA","NA","NA","NA","NA","4817","NA","NA","NA","625","NA","NA","NA","NA","NA","NA","NA","NA","NA","NA","NA","10290","NA","NA","NA","2","legacy","no","no","1024","2","48000","-16","yes","EXP","27","odd","no","no","NA","12023","4987","4989","10002","12008","12008","NA","NA","55327","65324","48825","22327","50495","65826","65321","12023","55327","65826","66368","NA","NA","22327","50455","39256","48823","39256","39256","22327","NA","NA","NA","NA","NA","NA","NA","NA","NA","NA","NA","50498","NA","NA","NA","49327","49327","49955","25448","38726","66868","NA","NA","NA","NA","NA","NA","NA","NA","NA","NA","NA","12025","NA","NA","NA","Orientation_PSA2018","16","16035","19","no","yes","1024"
"F","8016","F","F","PP_LIST2.csv","wrench.jpg","piano.jpg","85","85","842.5","842.5","#ffffff","yes","legacy","legacy","legacy","0","uniform","1","1","undefined","1","undefined","6","f","0","0","0","0","0","0","0","NA","5","0","5","13","0","0","5","5","0","0","5","5","5","5","0","13","3","13","3","3","0","0","0","0","0","0","0","0","0","0","0","0","0","0","0","0","13","13","13","13","13","5","0","0","0","0","0","0","0","0","0","0","0","0","0","0","0","12/16/19 16:18:04","no","Matching Tasks","yes","no","","no","OrientationCrossLanguages_2018PSA_PP_1.2.4.osexp","C:\psa","no","mono","no","18","no","#0000ff","no","Español","yes","no","768","no","no","legacy","5","5","4","5","C:/psa/ECU_001_SP_27.csv","legacy","no","Kafkaesque Koffka","3.2.8","yes","5a7ce671e83246000deafe81","no","no","0","0","F","NA","NA","F","NA","NA","NA","NA","NA","NA","NA","NA","NA","NA","NA","space","NA","NA","NA","F","NA","NA","NA","NA","NA","NA","NA","NA","NA","NA","NA","space","NA","NA","NA","815","NA","NA","815","NA","NA","NA","NA","NA","NA","NA","NA","NA","NA","NA","4817","NA","NA","NA","625","NA","NA","NA","NA","NA","NA","NA","NA","NA","NA","NA","10290","NA","NA","NA","2","legacy","no","no","1024","2","48000","-16","yes","EXP","27","odd","no","no","NA","12023","4987","4989","10002","12008","12008","NA","NA","55327","67229","48825","22327","50495","67731","67227","12023","55327","67731","68548","NA","NA","22327","50455","39256","48823","39256","39256","22327","NA","NA","NA","NA","NA","NA","NA","NA","NA","NA","NA","50498","NA","NA","NA","49327","49327","49955","25448","38726","69048","NA","NA","NA","NA","NA","NA","NA","NA","NA","NA","NA","12025","NA","NA","NA","Orientation_PSA2018","17","16850","20","no","yes","1024"
"N","8016","H","V","PP_LIST2.csv","crayonH.jpg","crayonV.jpg","85.7142857143","85.7142857143","833.238095238","833.238095238","#ffffff","yes","legacy","legacy","legacy","0","uniform","1","1","undefined","1","undefined","6","j","0","0","0","0","0","0","0","NA","6","0","6","13","0","0","6","6","0","0","6","6","6","6","0","13","3","13","3","3","0","0","0","0","0","0","0","0","0","0","0","0","0","0","0","0","13","13","13","13","13","6","0","0","0","0","0","0","0","0","0","0","0","0","0","0","0","12/16/19 16:18:04","no","Matching Tasks","yes","no","","no","OrientationCrossLanguages_2018PSA_PP_1.2.4.osexp","C:\psa","no","mono","no","18","no","#0000ff","no","Español","yes","no","768","no","no","legacy","6","6","4","5","C:/psa/ECU_001_SP_27.csv","legacy","no","Kafkaesque Koffka","3.2.8","yes","5a7ce671e83246000deafe81","no","no","0","0","J","NA","NA","J","NA","NA","NA","NA","NA","NA","NA","NA","NA","NA","NA","space","NA","NA","NA","F","NA","NA","NA","NA","NA","NA","NA","NA","NA","NA","NA","space","NA","NA","NA","648","NA","NA","648","NA","NA","NA","NA","NA","NA","NA","NA","NA","NA","NA","4817","NA","NA","NA","625","NA","NA","NA","NA","NA","NA","NA","NA","NA","NA","NA","10290","NA","NA","NA","2","legacy","no","no","1024","2","48000","-16","yes","EXP","27","odd","no","no","NA","12023","4987","4989","10002","12008","12008","NA","NA","55327","69547","48825","22327","50495","70049","69545","12023","55327","70049","70699","NA","NA","22327","50455","39256","48823","39256","39256","22327","NA","NA","NA","NA","NA","NA","NA","NA","NA","NA","NA","50498","NA","NA","NA","49327","49327","49955","25448","38726","71199","NA","NA","NA","NA","NA","NA","NA","NA","NA","NA","NA","12025","NA","NA","NA","Orientation_PSA2018","18","17498","21","no","yes","1024"
"N","8016","V","H","PP_LIST2.csv","glassV.jpg","glassH.jpg","86.3636363636","86.3636363636","826.227272727","826.227272727","#ffffff","yes","legacy","legacy","legacy","0","uniform","1","1","undefined","1","undefined","6","j","0","0","0","0","0","0","0","NA","7","0","7","13","0","0","7","7","0","0","7","7","7","7","0","13","3","13","3","3","0","0","0","0","0","0","0","0","0","0","0","0","0","0","0","0","13","13","13","13","13","7","0","0","0","0","0","0","0","0","0","0","0","0","0","0","0","12/16/19 16:18:04","no","Matching Tasks","yes","no","","no","OrientationCrossLanguages_2018PSA_PP_1.2.4.osexp","C:\psa","no","mono","no","18","no","#0000ff","no","Español","yes","no","768","no","no","legacy","7","7","4","5","C:/psa/ECU_001_SP_27.csv","legacy","no","Kafkaesque Koffka","3.2.8","yes","5a7ce671e83246000deafe81","no","no","0","0","J","NA","NA","J","NA","NA","NA","NA","NA","NA","NA","NA","NA","NA","NA","space","NA","NA","NA","F","NA","NA","NA","NA","NA","NA","NA","NA","NA","NA","NA","space","NA","NA","NA","679","NA","NA","679","NA","NA","NA","NA","NA","NA","NA","NA","NA","NA","NA","4817","NA","NA","NA","625","NA","NA","NA","NA","NA","NA","NA","NA","NA","NA","NA","10290","NA","NA","NA","2","legacy","no","no","1024","2","48000","-16","yes","EXP","27","odd","no","no","NA","12023","4987","4989","10002","12008","12008","NA","NA","55327","71476","48825","22327","50495","71978","71474","12023","55327","71978","72660","NA","NA","22327","50455","39256","48823","39256","39256","22327","NA","NA","NA","NA","NA","NA","NA","NA","NA","NA","NA","50498","NA","NA","NA","49327","49327","49955","25448","38726","73160","NA","NA","NA","NA","NA","NA","NA","NA","NA","NA","NA","12025","NA","NA","NA","Orientation_PSA2018","19","18177","22","no","yes","1024"
"N","8016","H","V","PP_LIST2.csv","clothespinH.jpg","clothespinV.jpg","86.9565217391","86.9565217391","817.434782609","817.434782609","#ffffff","yes","legacy","legacy","legacy","0","uniform","1","1","undefined","1","undefined","6","j","0","0","0","0","0","0","0","NA","8","0","8","13","0","0","8","8","0","0","8","8","8","8","0","13","3","13","3","3","0","0","0","0","0","0","0","0","0","0","0","0","0","0","0","0","13","13","13","13","13","8","0","0","0","0","0","0","0","0","0","0","0","0","0","0","0","12/16/19 16:18:04","no","Matching Tasks","yes","no","","no","OrientationCrossLanguages_2018PSA_PP_1.2.4.osexp","C:\psa","no","mono","no","18","no","#0000ff","no","Español","yes","no","768","no","no","legacy","8","8","4","5","C:/psa/ECU_001_SP_27.csv","legacy","no","Kafkaesque Koffka","3.2.8","yes","5a7ce671e83246000deafe81","no","no","0","0","J","NA","NA","J","NA","NA","NA","NA","NA","NA","NA","NA","NA","NA","NA","space","NA","NA","NA","F","NA","NA","NA","NA","NA","NA","NA","NA","NA","NA","NA","space","NA","NA","NA","624","NA","NA","624","NA","NA","NA","NA","NA","NA","NA","NA","NA","NA","NA","4817","NA","NA","NA","625","NA","NA","NA","NA","NA","NA","NA","NA","NA","NA","NA","10290","NA","NA","NA","2","legacy","no","no","1024","2","48000","-16","yes","EXP","27","odd","no","no","NA","12023","4987","4989","10002","12008","12008","NA","NA","55327","74074","48825","22327","50495","74575","74072","12023","55327","74576","75202","NA","NA","22327","50455","39256","48823","39256","39256","22327","NA","NA","NA","NA","NA","NA","NA","NA","NA","NA","NA","50498","NA","NA","NA","49327","49327","49955","25448","38726","75702","NA","NA","NA","NA","NA","NA","NA","NA","NA","NA","NA","12025","NA","NA","NA","Orientation_PSA2018","20","18801","23","no","yes","1024"
"F","8016","F","F","PP_LIST2.csv","tapedispenser.jpg","wrench.jpg","87.5","87.5","809.791666667","809.791666667","#ffffff","yes","legacy","legacy","legacy","0","uniform","1","1","undefined","1","undefined","6","f","0","0","0","0","0","0","0","NA","9","0","9","13","0","0","9","9","0","0","9","9","9","9","0","13","3","13","3","3","0","0","0","0","0","0","0","0","0","0","0","0","0","0","0","0","13","13","13","13","13","9","0","0","0","0","0","0","0","0","0","0","0","0","0","0","0","12/16/19 16:18:04","no","Matching Tasks","yes","no","","no","OrientationCrossLanguages_2018PSA_PP_1.2.4.osexp","C:\psa","no","mono","no","18","no","#0000ff","no","Español","yes","no","768","no","no","legacy","9","9","4","5","C:/psa/ECU_001_SP_27.csv","legacy","no","Kafkaesque Koffka","3.2.8","yes","5a7ce671e83246000deafe81","no","no","0","0","F","NA","NA","F","NA","NA","NA","NA","NA","NA","NA","NA","NA","NA","NA","space","NA","NA","NA","F","NA","NA","NA","NA","NA","NA","NA","NA","NA","NA","NA","space","NA","NA","NA","634","NA","NA","634","NA","NA","NA","NA","NA","NA","NA","NA","NA","NA","NA","4817","NA","NA","NA","625","NA","NA","NA","NA","NA","NA","NA","NA","NA","NA","NA","10290","NA","NA","NA","2","legacy","no","no","1024","2","48000","-16","yes","EXP","27","odd","no","no","NA","12023","4987","4989","10002","12008","12008","NA","NA","55327","76284","48825","22327","50495","76785","76281","12023","55327","76786","77422","NA","NA","22327","50455","39256","48823","39256","39256","22327","NA","NA","NA","NA","NA","NA","NA","NA","NA","NA","NA","50498","NA","NA","NA","49327","49327","49955","25448","38726","77922","NA","NA","NA","NA","NA","NA","NA","NA","NA","NA","NA","12025","NA","NA","NA","Orientation_PSA2018","21","19435","24","no","yes","1024"
"Y","8016","H","H","PP_LIST2.csv","screwH.jpg","screwH.jpg","88","88","800.48","800.48","#ffffff","yes","legacy","legacy","legacy","0","uniform","1","1","undefined","1","undefined","6","j","0","0","0","0","0","0","0","NA","10","0","10","13","0","0","10","10","0","0","10","10","10","10","0","13","3","13","3","3","0","0","0","0","0","0","0","0","0","0","0","0","0","0","0","0","13","13","13","13","13","10","0","0","0","0","0","0","0","0","0","0","0","0","0","0","0","12/16/19 16:18:04","no","Matching Tasks","yes","no","","no","OrientationCrossLanguages_2018PSA_PP_1.2.4.osexp","C:\psa","no","mono","no","18","no","#0000ff","no","Español","yes","no","768","no","no","legacy","10","10","4","5","C:/psa/ECU_001_SP_27.csv","legacy","no","Kafkaesque Koffka","3.2.8","yes","5a7ce671e83246000deafe81","no","no","0","0","J","NA","NA","J","NA","NA","NA","NA","NA","NA","NA","NA","NA","NA","NA","space","NA","NA","NA","F","NA","NA","NA","NA","NA","NA","NA","NA","NA","NA","NA","space","NA","NA","NA","577","NA","NA","577","NA","NA","NA","NA","NA","NA","NA","NA","NA","NA","NA","4817","NA","NA","NA","625","NA","NA","NA","NA","NA","NA","NA","NA","NA","NA","NA","10290","NA","NA","NA","2","legacy","no","no","1024","2","48000","-16","yes","EXP","27","odd","no","no","NA","12023","4987","4989","10002","12008","12008","NA","NA","55327","78433","48825","22327","50495","78935","78430","12023","55327","78935","79514","NA","NA","22327","50455","39256","48823","39256","39256","22327","NA","NA","NA","NA","NA","NA","NA","NA","NA","NA","NA","50498","NA","NA","NA","49327","49327","49955","25448","38726","80014","NA","NA","NA","NA","NA","NA","NA","NA","NA","NA","NA","12025","NA","NA","NA","Orientation_PSA2018","22","20012","25","no","yes","1024"
"F","8016","F","F","PP_LIST2.csv","piano.jpg","sutcse.jpg","88.4615384615","88.4615384615","802.423076923","802.423076923","#ffffff","yes","legacy","legacy","legacy","0","uniform","1","1","undefined","1","undefined","6","f","0","0","0","0","0","0","0","NA","11","0","11","13","0","0","11","11","0","0","11","11","11","11","0","13","3","13","3","3","0","0","0","0","0","0","0","0","0","0","0","0","0","0","0","0","13","13","13","13","13","11","0","0","0","0","0","0","0","0","0","0","0","0","0","0","0","12/16/19 16:18:04","no","Matching Tasks","yes","no","","no","OrientationCrossLanguages_2018PSA_PP_1.2.4.osexp","C:\psa","no","mono","no","18","no","#0000ff","no","Español","yes","no","768","no","no","legacy","11","11","4","5","C:/psa/ECU_001_SP_27.csv","legacy","no","Kafkaesque Koffka","3.2.8","yes","5a7ce671e83246000deafe81","no","no","0","0","F","NA","NA","F","NA","NA","NA","NA","NA","NA","NA","NA","NA","NA","NA","space","NA","NA","NA","F","NA","NA","NA","NA","NA","NA","NA","NA","NA","NA","NA","space","NA","NA","NA","851","NA","NA","851","NA","NA","NA","NA","NA","NA","NA","NA","NA","NA","NA","4817","NA","NA","NA","625","NA","NA","NA","NA","NA","NA","NA","NA","NA","NA","NA","10290","NA","NA","NA","2","legacy","no","no","1024","2","48000","-16","yes","EXP","27","odd","no","no","NA","12023","4987","4989","10002","12008","12008","NA","NA","55327","80177","48825","22327","50495","80679","80175","12023","55327","80679","81532","NA","NA","22327","50455","39256","48823","39256","39256","22327","NA","NA","NA","NA","NA","NA","NA","NA","NA","NA","NA","50498","NA","NA","NA","49327","49327","49955","25448","38726","82032","NA","NA","NA","NA","NA","NA","NA","NA","NA","NA","NA","12025","NA","NA","NA","Orientation_PSA2018","23","20863","26","no","yes","1024"
"N","8016","V","H","PP_LIST2.csv","ironV.jpg","ironH.jpg","88.8888888889","88.8888888889","813.37037037","813.37037037","#ffffff","yes","legacy","legacy","legacy","0","uniform","1","1","undefined","1","undefined","6","j","0","0","0","0","0","0","0","NA","12","0","12","13","0","0","12","12","0","0","12","12","12","12","0","13","3","13","3","3","0","0","0","0","0","0","0","0","0","0","0","0","0","0","0","0","13","13","13","13","13","12","0","0","0","0","0","0","0","0","0","0","0","0","0","0","0","12/16/19 16:18:04","no","Matching Tasks","yes","no","","no","OrientationCrossLanguages_2018PSA_PP_1.2.4.osexp","C:\psa","no","mono","no","18","no","#0000ff","no","Español","yes","no","768","no","no","legacy","12","12","4","5","C:/psa/ECU_001_SP_27.csv","legacy","no","Kafkaesque Koffka","3.2.8","yes","5a7ce671e83246000deafe81","no","no","0","0","J","NA","NA","J","NA","NA","NA","NA","NA","NA","NA","NA","NA","NA","NA","space","NA","NA","NA","F","NA","NA","NA","NA","NA","NA","NA","NA","NA","NA","NA","space","NA","NA","NA","1098","NA","NA","1098","NA","NA","NA","NA","NA","NA","NA","NA","NA","NA","NA","4817","NA","NA","NA","625","NA","NA","NA","NA","NA","NA","NA","NA","NA","NA","NA","10290","NA","NA","NA","2","legacy","no","no","1024","2","48000","-16","yes","EXP","27","odd","no","no","NA","12023","4987","4989","10002","12008","12008","NA","NA","55327","83180","48825","22327","50495","83682","83177","12023","55327","83682","84782","NA","NA","22327","50455","39256","48823","39256","39256","22327","NA","NA","NA","NA","NA","NA","NA","NA","NA","NA","NA","50498","NA","NA","NA","49327","49327","49955","25448","38726","85282","NA","NA","NA","NA","NA","NA","NA","NA","NA","NA","NA","12025","NA","NA","NA","Orientation_PSA2018","24","21961","27","no","yes","1024"
"F","8016","F","F","PP_LIST2.csv","ladder.jpg","house.jpg","89.2857142857","89.2857142857","812.142857143","812.142857143","#ffffff","yes","legacy","legacy","legacy","0","uniform","1","1","undefined","1","undefined","6","f","0","0","0","0","0","0","0","NA","13","0","13","13","0","0","13","13","0","0","13","13","13","13","0","13","3","13","3","3","0","0","0","0","0","0","0","0","0","0","0","0","0","0","0","0","13","13","13","13","13","13","0","0","0","0","0","0","0","0","0","0","0","0","0","0","0","12/16/19 16:18:04","no","Matching Tasks","yes","no","","no","OrientationCrossLanguages_2018PSA_PP_1.2.4.osexp","C:\psa","no","mono","no","18","no","#0000ff","no","Español","yes","no","768","no","no","legacy","13","13","4","5","C:/psa/ECU_001_SP_27.csv","legacy","no","Kafkaesque Koffka","3.2.8","yes","5a7ce671e83246000deafe81","no","no","0","0","F","NA","NA","F","NA","NA","NA","NA","NA","NA","NA","NA","NA","NA","NA","space","NA","NA","NA","F","NA","NA","NA","NA","NA","NA","NA","NA","NA","NA","NA","space","NA","NA","NA","779","NA","NA","779","NA","NA","NA","NA","NA","NA","NA","NA","NA","NA","NA","4817","NA","NA","NA","625","NA","NA","NA","NA","NA","NA","NA","NA","NA","NA","NA","10290","NA","NA","NA","2","legacy","no","no","1024","2","48000","-16","yes","EXP","27","odd","no","no","NA","12023","4987","4989","10002","12008","12008","NA","NA","55327","85544","48825","22327","50495","86046","85542","12023","55327","86046","86827","NA","NA","22327","50455","39256","48823","39256","39256","22327","NA","NA","NA","NA","NA","NA","NA","NA","NA","NA","NA","50498","NA","NA","NA","49327","49327","49955","25448","38726","87327","NA","NA","NA","NA","NA","NA","NA","NA","NA","NA","NA","12025","NA","NA","NA","Orientation_PSA2018","25","22740","28","no","yes","1024"
"N","8016","V","H","PP_LIST2.csv","pencilV.jpg","pencilH.jpg","89.6551724138","89.6551724138","807.172413793","807.172413793","#ffffff","yes","legacy","legacy","legacy","0","uniform","1","1","undefined","1","undefined","6","j","0","0","0","0","0","0","0","NA","14","0","14","13","0","0","14","14","0","0","14","14","14","14","0","13","3","13","3","3","0","0","0","0","0","0","0","0","0","0","0","0","0","0","0","0","13","13","13","13","13","14","0","0","0","0","0","0","0","0","0","0","0","0","0","0","0","12/16/19 16:18:04","no","Matching Tasks","yes","no","","no","OrientationCrossLanguages_2018PSA_PP_1.2.4.osexp","C:\psa","no","mono","no","18","no","#0000ff","no","Español","yes","no","768","no","no","legacy","14","14","4","5","C:/psa/ECU_001_SP_27.csv","legacy","no","Kafkaesque Koffka","3.2.8","yes","5a7ce671e83246000deafe81","no","no","0","0","J","NA","NA","J","NA","NA","NA","NA","NA","NA","NA","NA","NA","NA","NA","space","NA","NA","NA","F","NA","NA","NA","NA","NA","NA","NA","NA","NA","NA","NA","space","NA","NA","NA","668","NA","NA","668","NA","NA","NA","NA","NA","NA","NA","NA","NA","NA","NA","4817","NA","NA","NA","625","NA","NA","NA","NA","NA","NA","NA","NA","NA","NA","NA","10290","NA","NA","NA","2","legacy","no","no","1024","2","48000","-16","yes","EXP","27","odd","no","no","NA","12023","4987","4989","10002","12008","12008","NA","NA","55327","87577","48825","22327","50495","88079","87576","12023","55327","88079","88750","NA","NA","22327","50455","39256","48823","39256","39256","22327","NA","NA","NA","NA","NA","NA","NA","NA","NA","NA","NA","50498","NA","NA","NA","49327","49327","49955","25448","38726","89250","NA","NA","NA","NA","NA","NA","NA","NA","NA","NA","NA","12025","NA","NA","NA","Orientation_PSA2018","26","23408","29","no","yes","1024"
"Y","8016","H","H","PP_LIST2.csv","penH.jpg","penH.jpg","90","90","815.9","815.9","#ffffff","yes","legacy","legacy","legacy","0","uniform","1","1","undefined","1","undefined","6","j","0","0","0","0","0","0","0","NA","15","0","15","13","0","0","15","15","0","0","15","15","15","15","0","13","3","13","3","3","0","0","0","0","0","0","0","0","0","0","0","0","0","0","0","0","13","13","13","13","13","15","0","0","0","0","0","0","0","0","0","0","0","0","0","0","0","12/16/19 16:18:04","no","Matching Tasks","yes","no","","no","OrientationCrossLanguages_2018PSA_PP_1.2.4.osexp","C:\psa","no","mono","no","18","no","#0000ff","no","Español","yes","no","768","no","no","legacy","15","15","4","5","C:/psa/ECU_001_SP_27.csv","legacy","no","Kafkaesque Koffka","3.2.8","yes","5a7ce671e83246000deafe81","no","no","0","0","J","NA","NA","J","NA","NA","NA","NA","NA","NA","NA","NA","NA","NA","NA","space","NA","NA","NA","F","NA","NA","NA","NA","NA","NA","NA","NA","NA","NA","NA","space","NA","NA","NA","1069","NA","NA","1069","NA","NA","NA","NA","NA","NA","NA","NA","NA","NA","NA","4817","NA","NA","NA","625","NA","NA","NA","NA","NA","NA","NA","NA","NA","NA","NA","10290","NA","NA","NA","2","legacy","no","no","1024","2","48000","-16","yes","EXP","27","odd","no","no","NA","12023","4987","4989","10002","12008","12008","NA","NA","55327","89432","48825","22327","50495","89934","89429","12023","55327","89934","91006","NA","NA","22327","50455","39256","48823","39256","39256","22327","NA","NA","NA","NA","NA","NA","NA","NA","NA","NA","NA","50498","NA","NA","NA","49327","49327","49955","25448","38726","91506","NA","NA","NA","NA","NA","NA","NA","NA","NA","NA","NA","12025","NA","NA","NA","Orientation_PSA2018","27","24477","30","no","yes","1024"
"Y","8016","V","V","PP_LIST2.csv","bowlV.jpg","bowlV.jpg","90.3225806452","90.3225806452","813.967741935","813.967741935","#ffffff","yes","legacy","legacy","legacy","0","uniform","1","1","undefined","1","undefined","6","j","0","0","0","0","0","0","0","NA","16","0","16","13","0","0","16","16","0","0","16","16","16","16","0","13","3","13","3","3","0","0","0","0","0","0","0","0","0","0","0","0","0","0","0","0","13","13","13","13","13","16","0","0","0","0","0","0","0","0","0","0","0","0","0","0","0","12/16/19 16:18:04","no","Matching Tasks","yes","no","","no","OrientationCrossLanguages_2018PSA_PP_1.2.4.osexp","C:\psa","no","mono","no","18","no","#0000ff","no","Español","yes","no","768","no","no","legacy","16","16","4","5","C:/psa/ECU_001_SP_27.csv","legacy","no","Kafkaesque Koffka","3.2.8","yes","5a7ce671e83246000deafe81","no","no","0","0","J","NA","NA","J","NA","NA","NA","NA","NA","NA","NA","NA","NA","NA","NA","space","NA","NA","NA","F","NA","NA","NA","NA","NA","NA","NA","NA","NA","NA","NA","space","NA","NA","NA","756","NA","NA","756","NA","NA","NA","NA","NA","NA","NA","NA","NA","NA","NA","4817","NA","NA","NA","625","NA","NA","NA","NA","NA","NA","NA","NA","NA","NA","NA","10290","NA","NA","NA","2","legacy","no","no","1024","2","48000","-16","yes","EXP","27","odd","no","no","NA","12023","4987","4989","10002","12008","12008","NA","NA","55327","92825","48825","22327","50495","93327","92823","12023","55327","93327","94085","NA","NA","22327","50455","39256","48823","39256","39256","22327","NA","NA","NA","NA","NA","NA","NA","NA","NA","NA","NA","50498","NA","NA","NA","49327","49327","49955","25448","38726","94585","NA","NA","NA","NA","NA","NA","NA","NA","NA","NA","NA","12025","NA","NA","NA","Orientation_PSA2018","28","25233","31","no","yes","1024"
"N","8016","H","V","PP_LIST2.csv","fire_extinguisherH.jpg","fire_extinguisherV.jpg","90.625","90.625","811","811","#ffffff","yes","legacy","legacy","legacy","0","uniform","1","1","undefined","1","undefined","6","j","0","0","0","0","0","0","0","NA","17","0","17","13","0","0","17","17","0","0","17","17","17","17","0","13","3","13","3","3","0","0","0","0","0","0","0","0","0","0","0","0","0","0","0","0","13","13","13","13","13","17","0","0","0","0","0","0","0","0","0","0","0","0","0","0","0","12/16/19 16:18:04","no","Matching Tasks","yes","no","","no","OrientationCrossLanguages_2018PSA_PP_1.2.4.osexp","C:\psa","no","mono","no","18","no","#0000ff","no","Español","yes","no","768","no","no","legacy","17","17","4","5","C:/psa/ECU_001_SP_27.csv","legacy","no","Kafkaesque Koffka","3.2.8","yes","5a7ce671e83246000deafe81","no","no","0","0","J","NA","NA","J","NA","NA","NA","NA","NA","NA","NA","NA","NA","NA","NA","space","NA","NA","NA","F","NA","NA","NA","NA","NA","NA","NA","NA","NA","NA","NA","space","NA","NA","NA","719","NA","NA","719","NA","NA","NA","NA","NA","NA","NA","NA","NA","NA","NA","4817","NA","NA","NA","625","NA","NA","NA","NA","NA","NA","NA","NA","NA","NA","NA","10290","NA","NA","NA","2","legacy","no","no","1024","2","48000","-16","yes","EXP","27","odd","no","no","NA","12023","4987","4989","10002","12008","12008","NA","NA","55327","95225","48825","22327","50495","95727","95222","12023","55327","95727","96448","NA","NA","22327","50455","39256","48823","39256","39256","22327","NA","NA","NA","NA","NA","NA","NA","NA","NA","NA","NA","50498","NA","NA","NA","49327","49327","49955","25448","38726","96948","NA","NA","NA","NA","NA","NA","NA","NA","NA","NA","NA","12025","NA","NA","NA","Orientation_PSA2018","29","25952","32","no","yes","1024"
"F","8016","F","F","PP_LIST2.csv","trmpet.jpg","tapedispenser.jpg","90.9090909091","90.9090909091","812.636363636","812.636363636","#ffffff","yes","legacy","legacy","legacy","0","uniform","1","1","undefined","1","undefined","6","f","0","0","0","0","0","0","0","NA","18","0","18","13","0","0","18","18","0","0","18","18","18","18","0","13","3","13","3","3","0","0","0","0","0","0","0","0","0","0","0","0","0","0","0","0","13","13","13","13","13","18","0","0","0","0","0","0","0","0","0","0","0","0","0","0","0","12/16/19 16:18:04","no","Matching Tasks","yes","no","","no","OrientationCrossLanguages_2018PSA_PP_1.2.4.osexp","C:\psa","no","mono","no","18","no","#0000ff","no","Español","yes","no","768","no","no","legacy","18","18","4","5","C:/psa/ECU_001_SP_27.csv","legacy","no","Kafkaesque Koffka","3.2.8","yes","5a7ce671e83246000deafe81","no","no","0","0","F","NA","NA","F","NA","NA","NA","NA","NA","NA","NA","NA","NA","NA","NA","space","NA","NA","NA","F","NA","NA","NA","NA","NA","NA","NA","NA","NA","NA","NA","space","NA","NA","NA","865","NA","NA","865","NA","NA","NA","NA","NA","NA","NA","NA","NA","NA","NA","4817","NA","NA","NA","625","NA","NA","NA","NA","NA","NA","NA","NA","NA","NA","NA","10290","NA","NA","NA","2","legacy","no","no","1024","2","48000","-16","yes","EXP","27","odd","no","no","NA","12023","4987","4989","10002","12008","12008","NA","NA","55327","97856","48825","22327","50495","98358","97854","12023","55327","98358","99225","NA","NA","22327","50455","39256","48823","39256","39256","22327","NA","NA","NA","NA","NA","NA","NA","NA","NA","NA","NA","50498","NA","NA","NA","49327","49327","49955","25448","38726","99725","NA","NA","NA","NA","NA","NA","NA","NA","NA","NA","NA","12025","NA","NA","NA","Orientation_PSA2018","30","26817","33","no","yes","1024"
"F","8016","F","F","PP_LIST2.csv","ftball.jpg","nut.jpg","91.1764705882","91.1764705882","830.529411765","830.529411765","#ffffff","yes","legacy","legacy","legacy","0","uniform","1","1","undefined","1","undefined","6","f","0","0","0","0","0","0","0","NA","19","0","19","13","0","0","19","19","0","0","19","19","19","19","0","13","3","13","3","3","0","0","0","0","0","0","0","0","0","0","0","0","0","0","0","0","13","13","13","13","13","19","0","0","0","0","0","0","0","0","0","0","0","0","0","0","0","12/16/19 16:18:04","no","Matching Tasks","yes","no","","no","OrientationCrossLanguages_2018PSA_PP_1.2.4.osexp","C:\psa","no","mono","no","18","no","#0000ff","no","Español","yes","no","768","no","no","legacy","19","19","4","5","C:/psa/ECU_001_SP_27.csv","legacy","no","Kafkaesque Koffka","3.2.8","yes","5a7ce671e83246000deafe81","no","no","0","0","F","NA","NA","F","NA","NA","NA","NA","NA","NA","NA","NA","NA","NA","NA","space","NA","NA","NA","F","NA","NA","NA","NA","NA","NA","NA","NA","NA","NA","NA","space","NA","NA","NA","1421","NA","NA","1421","NA","NA","NA","NA","NA","NA","NA","NA","NA","NA","NA","4817","NA","NA","NA","625","NA","NA","NA","NA","NA","NA","NA","NA","NA","NA","NA","10290","NA","NA","NA","2","legacy","no","no","1024","2","48000","-16","yes","EXP","27","odd","no","no","NA","12023","4987","4989","10002","12008","12008","NA","NA","55327","100461","48825","22327","50495","100963","100459","12023","55327","100963","102387","NA","NA","22327","50455","39256","48823","39256","39256","22327","NA","NA","NA","NA","NA","NA","NA","NA","NA","NA","NA","50498","NA","NA","NA","49327","49327","49955","25448","38726","102887","NA","NA","NA","NA","NA","NA","NA","NA","NA","NA","NA","12025","NA","NA","NA","Orientation_PSA2018","31","28238","34","no","yes","1024"
"F","8016","F","F","PP_LIST2.csv","couch.jpg","spider.jpg","91.4285714286","91.4285714286","830.6","830.6","#ffffff","yes","legacy","legacy","legacy","0","uniform","1","1","undefined","1","undefined","6","f","0","0","0","0","0","0","0","NA","20","0","20","13","0","0","20","20","0","0","20","20","20","20","0","13","3","13","3","3","0","0","0","0","0","0","0","0","0","0","0","0","0","0","0","0","13","13","13","13","13","20","0","0","0","0","0","0","0","0","0","0","0","0","0","0","0","12/16/19 16:18:04","no","Matching Tasks","yes","no","","no","OrientationCrossLanguages_2018PSA_PP_1.2.4.osexp","C:\psa","no","mono","no","18","no","#0000ff","no","Español","yes","no","768","no","no","legacy","20","20","4","5","C:/psa/ECU_001_SP_27.csv","legacy","no","Kafkaesque Koffka","3.2.8","yes","5a7ce671e83246000deafe81","no","no","0","0","F","NA","NA","F","NA","NA","NA","NA","NA","NA","NA","NA","NA","NA","NA","space","NA","NA","NA","F","NA","NA","NA","NA","NA","NA","NA","NA","NA","NA","NA","space","NA","NA","NA","833","NA","NA","833","NA","NA","NA","NA","NA","NA","NA","NA","NA","NA","NA","4817","NA","NA","NA","625","NA","NA","NA","NA","NA","NA","NA","NA","NA","NA","NA","10290","NA","NA","NA","2","legacy","no","no","1024","2","48000","-16","yes","EXP","27","odd","no","no","NA","12023","4987","4989","10002","12008","12008","NA","NA","55327","103141","48825","22327","50495","103643","103138","12023","55327","103643","104479","NA","NA","22327","50455","39256","48823","39256","39256","22327","NA","NA","NA","NA","NA","NA","NA","NA","NA","NA","NA","50498","NA","NA","NA","49327","49327","49955","25448","38726","104979","NA","NA","NA","NA","NA","NA","NA","NA","NA","NA","NA","12025","NA","NA","NA","Orientation_PSA2018","32","29071","35","no","yes","1024"
"Y","8016","V","V","PP_LIST2.csv","bookV.jpg","bookV.jpg","91.6666666667","91.6666666667","827.472222222","827.472222222","#ffffff","yes","legacy","legacy","legacy","0","uniform","1","1","undefined","1","undefined","6","j","0","0","0","0","0","0","0","NA","21","0","21","13","0","0","21","21","0","0","21","21","21","21","0","13","3","13","3","3","0","0","0","0","0","0","0","0","0","0","0","0","0","0","0","0","13","13","13","13","13","21","0","0","0","0","0","0","0","0","0","0","0","0","0","0","0","12/16/19 16:18:04","no","Matching Tasks","yes","no","","no","OrientationCrossLanguages_2018PSA_PP_1.2.4.osexp","C:\psa","no","mono","no","18","no","#0000ff","no","Español","yes","no","768","no","no","legacy","21","21","4","5","C:/psa/ECU_001_SP_27.csv","legacy","no","Kafkaesque Koffka","3.2.8","yes","5a7ce671e83246000deafe81","no","no","0","0","J","NA","NA","J","NA","NA","NA","NA","NA","NA","NA","NA","NA","NA","NA","space","NA","NA","NA","F","NA","NA","NA","NA","NA","NA","NA","NA","NA","NA","NA","space","NA","NA","NA","718","NA","NA","718","NA","NA","NA","NA","NA","NA","NA","NA","NA","NA","NA","4817","NA","NA","NA","625","NA","NA","NA","NA","NA","NA","NA","NA","NA","NA","NA","10290","NA","NA","NA","2","legacy","no","no","1024","2","48000","-16","yes","EXP","27","odd","no","no","NA","12023","4987","4989","10002","12008","12008","NA","NA","55327","105149","48825","22327","50495","105651","105148","12023","55327","105651","106372","NA","NA","22327","50455","39256","48823","39256","39256","22327","NA","NA","NA","NA","NA","NA","NA","NA","NA","NA","NA","50498","NA","NA","NA","49327","49327","49955","25448","38726","106872","NA","NA","NA","NA","NA","NA","NA","NA","NA","NA","NA","12025","NA","NA","NA","Orientation_PSA2018","33","29789","36","no","yes","1024"
"F","8016","F","F","PP_LIST2.csv","ring.jpg","stove.jpg","91.8918918919","91.8918918919","823.702702703","823.702702703","#ffffff","yes","legacy","legacy","legacy","0","uniform","1","1","undefined","1","undefined","6","f","0","0","0","0","0","0","0","NA","22","0","22","13","0","0","22","22","0","0","22","22","22","22","0","13","3","13","3","3","0","0","0","0","0","0","0","0","0","0","0","0","0","0","0","0","13","13","13","13","13","22","0","0","0","0","0","0","0","0","0","0","0","0","0","0","0","12/16/19 16:18:04","no","Matching Tasks","yes","no","","no","OrientationCrossLanguages_2018PSA_PP_1.2.4.osexp","C:\psa","no","mono","no","18","no","#0000ff","no","Español","yes","no","768","no","no","legacy","22","22","4","5","C:/psa/ECU_001_SP_27.csv","legacy","no","Kafkaesque Koffka","3.2.8","yes","5a7ce671e83246000deafe81","no","no","0","0","F","NA","NA","F","NA","NA","NA","NA","NA","NA","NA","NA","NA","NA","NA","space","NA","NA","NA","F","NA","NA","NA","NA","NA","NA","NA","NA","NA","NA","NA","space","NA","NA","NA","688","NA","NA","688","NA","NA","NA","NA","NA","NA","NA","NA","NA","NA","NA","4817","NA","NA","NA","625","NA","NA","NA","NA","NA","NA","NA","NA","NA","NA","NA","10290","NA","NA","NA","2","legacy","no","no","1024","2","48000","-16","yes","EXP","27","odd","no","no","NA","12023","4987","4989","10002","12008","12008","NA","NA","55327","107716","48825","22327","50495","108218","107714","12023","55327","108218","108909","NA","NA","22327","50455","39256","48823","39256","39256","22327","NA","NA","NA","NA","NA","NA","NA","NA","NA","NA","NA","50498","NA","NA","NA","49327","49327","49955","25448","38726","109409","NA","NA","NA","NA","NA","NA","NA","NA","NA","NA","NA","12025","NA","NA","NA","Orientation_PSA2018","34","30477","37","no","yes","1024"
"Y","8016","H","H","PP_LIST2.csv","saltH.jpg","saltH.jpg","92.1052631579","92.1052631579","831.131578947","831.131578947","#ffffff","yes","legacy","legacy","legacy","0","uniform","1","1","undefined","1","undefined","6","j","0","0","0","0","0","0","0","NA","23","0","23","13","0","0","23","23","0","0","23","23","23","23","0","13","3","13","3","3","0","0","0","0","0","0","0","0","0","0","0","0","0","0","0","0","13","13","13","13","13","23","0","0","0","0","0","0","0","0","0","0","0","0","0","0","0","12/16/19 16:18:04","no","Matching Tasks","yes","no","","no","OrientationCrossLanguages_2018PSA_PP_1.2.4.osexp","C:\psa","no","mono","no","18","no","#0000ff","no","Español","yes","no","768","no","no","legacy","23","23","4","5","C:/psa/ECU_001_SP_27.csv","legacy","no","Kafkaesque Koffka","3.2.8","yes","5a7ce671e83246000deafe81","no","no","0","0","J","NA","NA","J","NA","NA","NA","NA","NA","NA","NA","NA","NA","NA","NA","space","NA","NA","NA","F","NA","NA","NA","NA","NA","NA","NA","NA","NA","NA","NA","space","NA","NA","NA","1106","NA","NA","1106","NA","NA","NA","NA","NA","NA","NA","NA","NA","NA","NA","4817","NA","NA","NA","625","NA","NA","NA","NA","NA","NA","NA","NA","NA","NA","NA","10290","NA","NA","NA","2","legacy","no","no","1024","2","48000","-16","yes","EXP","27","odd","no","no","NA","12023","4987","4989","10002","12008","12008","NA","NA","55327","109629","48825","22327","50495","110131","109626","12023","55327","110131","111239","NA","NA","22327","50455","39256","48823","39256","39256","22327","NA","NA","NA","NA","NA","NA","NA","NA","NA","NA","NA","50498","NA","NA","NA","49327","49327","49955","25448","38726","111740","NA","NA","NA","NA","NA","NA","NA","NA","NA","NA","NA","12025","NA","NA","NA","Orientation_PSA2018","35","31583","38","no","yes","1024"
"F","8016","F","F","PP_LIST2.csv","spider.jpg","couch.jpg","100","100","701","701","#ffffff","yes","legacy","legacy","legacy","0","uniform","1","1","undefined","1","undefined","6","f","0","0","0","0","0","0","0","0","24","0","24","13","0","0","24","24","0","0","24","24","24","24","0","13","3","13","3","3","0","0","0","0","0","0","0","0","0","0","0","0","0","0","0","0","13","13","13","13","13","24","0","0","0","0","0","0","0","0","0","0","0","0","0","0","0","12/16/19 16:18:04","no","Matching Tasks","yes","no","","no","OrientationCrossLanguages_2018PSA_PP_1.2.4.osexp","C:\psa","no","mono","no","18","no","#0000ff","no","Español","yes","no","768","no","no","legacy","24","24","4","5","C:/psa/ECU_001_SP_27.csv","legacy","no","Kafkaesque Koffka","3.2.8","yes","5a7ce671e83246000deafe81","no","no","0","0","F","space","NA","F","NA","NA","NA","NA","NA","NA","NA","NA","NA","NA","NA","space","NA","NA","NA","F","NA","NA","NA","NA","NA","NA","NA","NA","NA","NA","NA","space","NA","NA","NA","701","1153","NA","701","NA","NA","NA","NA","NA","NA","NA","NA","NA","NA","NA","4817","NA","NA","NA","625","NA","NA","NA","NA","NA","NA","NA","NA","NA","NA","NA","10290","NA","NA","NA","2","legacy","no","no","1024","2","48000","-16","yes","EXP","27","odd","no","no","NA","12023","4987","4989","10002","12008","12008","111970","NA","55327","113247","48825","22327","50495","113749","113244","12023","55327","113749","114453","NA","NA","22327","50455","39256","48823","39256","39256","22327","NA","NA","NA","NA","NA","NA","NA","NA","NA","NA","NA","50498","NA","NA","NA","49327","49327","49955","25448","38726","114953","NA","NA","NA","NA","NA","NA","NA","NA","NA","NA","NA","12025","NA","NA","NA","Orientation_PSA2018","1","701","1","no","yes","1024"
"F","8016","F","F","PP_LIST2.csv","umberella.jpg","flower.jpg","100","100","804.5","804.5","#ffffff","yes","legacy","legacy","legacy","0","uniform","1","1","undefined","1","undefined","6","f","0","0","0","0","0","0","0","0","25","0","25","13","0","0","25","25","0","0","25","25","25","25","0","13","3","13","3","3","0","0","0","0","0","0","0","0","0","0","0","0","0","0","0","0","13","13","13","13","13","25","0","0","0","0","0","0","0","0","0","0","0","0","0","0","0","12/16/19 16:18:04","no","Matching Tasks","yes","no","","no","OrientationCrossLanguages_2018PSA_PP_1.2.4.osexp","C:\psa","no","mono","no","18","no","#0000ff","no","Español","yes","no","768","no","no","legacy","25","25","4","5","C:/psa/ECU_001_SP_27.csv","legacy","no","Kafkaesque Koffka","3.2.8","yes","5a7ce671e83246000deafe81","no","no","0","0","F","space","NA","F","NA","NA","NA","NA","NA","NA","NA","NA","NA","NA","NA","space","NA","NA","NA","F","NA","NA","NA","NA","NA","NA","NA","NA","NA","NA","NA","space","NA","NA","NA","908","1153","NA","908","NA","NA","NA","NA","NA","NA","NA","NA","NA","NA","NA","4817","NA","NA","NA","625","NA","NA","NA","NA","NA","NA","NA","NA","NA","NA","NA","10290","NA","NA","NA","2","legacy","no","no","1024","2","48000","-16","yes","EXP","27","odd","no","no","NA","12023","4987","4989","10002","12008","12008","111970","NA","55327","116006","48825","22327","50495","116508","116004","12023","55327","116508","117418","NA","NA","22327","50455","39256","48823","39256","39256","22327","NA","NA","NA","NA","NA","NA","NA","NA","NA","NA","NA","50498","NA","NA","NA","49327","49327","49955","25448","38726","117918","NA","NA","NA","NA","NA","NA","NA","NA","NA","NA","NA","12025","NA","NA","NA","Orientation_PSA2018","2","1609","2","no","yes","1024"
"Y","8016","V","V","PP_LIST2.csv","bottleV.jpg","bottleV.jpg","100","100","839.333333333","839.333333333","#ffffff","yes","legacy","legacy","legacy","0","uniform","1","1","undefined","1","undefined","6","j","0","0","0","0","0","0","0","0","26","0","26","13","0","0","26","26","0","0","26","26","26","26","0","13","3","13","3","3","0","0","0","0","0","0","0","0","0","0","0","0","0","0","0","0","13","13","13","13","13","26","0","0","0","0","0","0","0","0","0","0","0","0","0","0","0","12/16/19 16:18:04","no","Matching Tasks","yes","no","","no","OrientationCrossLanguages_2018PSA_PP_1.2.4.osexp","C:\psa","no","mono","no","18","no","#0000ff","no","Español","yes","no","768","no","no","legacy","26","26","4","5","C:/psa/ECU_001_SP_27.csv","legacy","no","Kafkaesque Koffka","3.2.8","yes","5a7ce671e83246000deafe81","no","no","0","0","J","space","NA","J","NA","NA","NA","NA","NA","NA","NA","NA","NA","NA","NA","space","NA","NA","NA","F","NA","NA","NA","NA","NA","NA","NA","NA","NA","NA","NA","space","NA","NA","NA","909","1153","NA","909","NA","NA","NA","NA","NA","NA","NA","NA","NA","NA","NA","4817","NA","NA","NA","625","NA","NA","NA","NA","NA","NA","NA","NA","NA","NA","NA","10290","NA","NA","NA","2","legacy","no","no","1024","2","48000","-16","yes","EXP","27","odd","no","no","NA","12023","4987","4989","10002","12008","12008","111970","NA","55327","118221","48825","22327","50495","118723","118218","12023","55327","118723","119634","NA","NA","22327","50455","39256","48823","39256","39256","22327","NA","NA","NA","NA","NA","NA","NA","NA","NA","NA","NA","50498","NA","NA","NA","49327","49327","49955","25448","38726","120134","NA","NA","NA","NA","NA","NA","NA","NA","NA","NA","NA","12025","NA","NA","NA","Orientation_PSA2018","3","2518","3","no","yes","1024"
"F","8016","F","F","PP_LIST2.csv","wndmil.jpg","mitten.jpg","100","100","814.25","814.25","#ffffff","yes","legacy","legacy","legacy","0","uniform","1","1","undefined","1","undefined","6","f","0","0","0","0","0","0","0","0","27","0","27","13","0","0","27","27","0","0","27","27","27","27","0","13","3","13","3","3","0","0","0","0","0","0","0","0","0","0","0","0","0","0","0","0","13","13","13","13","13","27","0","0","0","0","0","0","0","0","0","0","0","0","0","0","0","12/16/19 16:18:04","no","Matching Tasks","yes","no","","no","OrientationCrossLanguages_2018PSA_PP_1.2.4.osexp","C:\psa","no","mono","no","18","no","#0000ff","no","Español","yes","no","768","no","no","legacy","27","27","4","5","C:/psa/ECU_001_SP_27.csv","legacy","no","Kafkaesque Koffka","3.2.8","yes","5a7ce671e83246000deafe81","no","no","0","0","F","space","NA","F","NA","NA","NA","NA","NA","NA","NA","NA","NA","NA","NA","space","NA","NA","NA","F","NA","NA","NA","NA","NA","NA","NA","NA","NA","NA","NA","space","NA","NA","NA","739","1153","NA","739","NA","NA","NA","NA","NA","NA","NA","NA","NA","NA","NA","4817","NA","NA","NA","625","NA","NA","NA","NA","NA","NA","NA","NA","NA","NA","NA","10290","NA","NA","NA","2","legacy","no","no","1024","2","48000","-16","yes","EXP","27","odd","no","no","NA","12023","4987","4989","10002","12008","12008","111970","NA","55327","120303","48825","22327","50495","120805","120301","12023","55327","120805","121547","NA","NA","22327","50455","39256","48823","39256","39256","22327","NA","NA","NA","NA","NA","NA","NA","NA","NA","NA","NA","50498","NA","NA","NA","49327","49327","49955","25448","38726","122047","NA","NA","NA","NA","NA","NA","NA","NA","NA","NA","NA","12025","NA","NA","NA","Orientation_PSA2018","4","3257","4","no","yes","1024"
"Y","8016","H","H","PP_LIST2.csv","scssorH.jpg","scssorH.jpg","100","100","781.2","781.2","#ffffff","yes","legacy","legacy","legacy","0","uniform","1","1","undefined","1","undefined","6","j","0","0","0","0","0","0","0","0","28","0","28","13","0","0","28","28","0","0","28","28","28","28","0","13","3","13","3","3","0","0","0","0","0","0","0","0","0","0","0","0","0","0","0","0","13","13","13","13","13","28","0","0","0","0","0","0","0","0","0","0","0","0","0","0","0","12/16/19 16:18:04","no","Matching Tasks","yes","no","","no","OrientationCrossLanguages_2018PSA_PP_1.2.4.osexp","C:\psa","no","mono","no","18","no","#0000ff","no","Español","yes","no","768","no","no","legacy","28","28","4","5","C:/psa/ECU_001_SP_27.csv","legacy","no","Kafkaesque Koffka","3.2.8","yes","5a7ce671e83246000deafe81","no","no","0","0","J","space","NA","J","NA","NA","NA","NA","NA","NA","NA","NA","NA","NA","NA","space","NA","NA","NA","F","NA","NA","NA","NA","NA","NA","NA","NA","NA","NA","NA","space","NA","NA","NA","649","1153","NA","649","NA","NA","NA","NA","NA","NA","NA","NA","NA","NA","NA","4817","NA","NA","NA","625","NA","NA","NA","NA","NA","NA","NA","NA","NA","NA","NA","10290","NA","NA","NA","2","legacy","no","no","1024","2","48000","-16","yes","EXP","27","odd","no","no","NA","12023","4987","4989","10002","12008","12008","111970","NA","55327","122319","48825","22327","50495","122821","122317","12023","55327","122821","123472","NA","NA","22327","50455","39256","48823","39256","39256","22327","NA","NA","NA","NA","NA","NA","NA","NA","NA","NA","NA","50498","NA","NA","NA","49327","49327","49955","25448","38726","123972","NA","NA","NA","NA","NA","NA","NA","NA","NA","NA","NA","12025","NA","NA","NA","Orientation_PSA2018","5","3906","5","no","yes","1024"
"F","8016","F","F","PP_LIST2.csv","needle.jpg","tiger.jpg","100","100","763.5","763.5","#ffffff","yes","legacy","legacy","legacy","0","uniform","1","1","undefined","1","undefined","6","f","0","0","0","0","0","0","0","0","29","0","29","13","0","0","29","29","0","0","29","29","29","29","0","13","3","13","3","3","0","0","0","0","0","0","0","0","0","0","0","0","0","0","0","0","13","13","13","13","13","29","0","0","0","0","0","0","0","0","0","0","0","0","0","0","0","12/16/19 16:18:04","no","Matching Tasks","yes","no","","no","OrientationCrossLanguages_2018PSA_PP_1.2.4.osexp","C:\psa","no","mono","no","18","no","#0000ff","no","Español","yes","no","768","no","no","legacy","29","29","4","5","C:/psa/ECU_001_SP_27.csv","legacy","no","Kafkaesque Koffka","3.2.8","yes","5a7ce671e83246000deafe81","no","no","0","0","F","space","NA","F","NA","NA","NA","NA","NA","NA","NA","NA","NA","NA","NA","space","NA","NA","NA","F","NA","NA","NA","NA","NA","NA","NA","NA","NA","NA","NA","space","NA","NA","NA","675","1153","NA","675","NA","NA","NA","NA","NA","NA","NA","NA","NA","NA","NA","4817","NA","NA","NA","625","NA","NA","NA","NA","NA","NA","NA","NA","NA","NA","NA","10290","NA","NA","NA","2","legacy","no","no","1024","2","48000","-16","yes","EXP","27","odd","no","no","NA","12023","4987","4989","10002","12008","12008","111970","NA","55327","124508","48825","22327","50495","125010","124506","12023","55327","125010","125687","NA","NA","22327","50455","39256","48823","39256","39256","22327","NA","NA","NA","NA","NA","NA","NA","NA","NA","NA","NA","50498","NA","NA","NA","49327","49327","49955","25448","38726","126187","NA","NA","NA","NA","NA","NA","NA","NA","NA","NA","NA","12025","NA","NA","NA","Orientation_PSA2018","6","4581","6","no","yes","1024"
"F","8016","F","F","PP_LIST2.csv","tiger.jpg","wndmil.jpg","100","100","746.714285714","746.714285714","#ffffff","yes","legacy","legacy","legacy","0","uniform","1","1","undefined","1","undefined","6","f","0","0","0","0","0","0","0","0","30","0","30","13","0","0","30","30","0","0","30","30","30","30","0","13","3","13","3","3","0","0","0","0","0","0","0","0","0","0","0","0","0","0","0","0","13","13","13","13","13","30","0","0","0","0","0","0","0","0","0","0","0","0","0","0","0","12/16/19 16:18:04","no","Matching Tasks","yes","no","","no","OrientationCrossLanguages_2018PSA_PP_1.2.4.osexp","C:\psa","no","mono","no","18","no","#0000ff","no","Español","yes","no","768","no","no","legacy","30","30","4","5","C:/psa/ECU_001_SP_27.csv","legacy","no","Kafkaesque Koffka","3.2.8","yes","5a7ce671e83246000deafe81","no","no","0","0","F","space","NA","F","NA","NA","NA","NA","NA","NA","NA","NA","NA","NA","NA","space","NA","NA","NA","F","NA","NA","NA","NA","NA","NA","NA","NA","NA","NA","NA","space","NA","NA","NA","646","1153","NA","646","NA","NA","NA","NA","NA","NA","NA","NA","NA","NA","NA","4817","NA","NA","NA","625","NA","NA","NA","NA","NA","NA","NA","NA","NA","NA","NA","10290","NA","NA","NA","2","legacy","no","no","1024","2","48000","-16","yes","EXP","27","odd","no","no","NA","12023","4987","4989","10002","12008","12008","111970","NA","55327","126615","48825","22327","50495","127117","126612","12023","55327","127117","127766","NA","NA","22327","50455","39256","48823","39256","39256","22327","NA","NA","NA","NA","NA","NA","NA","NA","NA","NA","NA","50498","NA","NA","NA","49327","49327","49955","25448","38726","128266","NA","NA","NA","NA","NA","NA","NA","NA","NA","NA","NA","12025","NA","NA","NA","Orientation_PSA2018","7","5227","7","no","yes","1024"
"F","8016","F","F","PP_LIST2.csv","tlphon.jpg","knife.jpg","100","100","738.5","738.5","#ffffff","yes","legacy","legacy","legacy","0","uniform","1","1","undefined","1","undefined","6","f","0","0","0","0","0","0","0","0","31","0","31","13","0","0","31","31","0","0","31","31","31","31","0","13","3","13","3","3","0","0","0","0","0","0","0","0","0","0","0","0","0","0","0","0","13","13","13","13","13","31","0","0","0","0","0","0","0","0","0","0","0","0","0","0","0","12/16/19 16:18:04","no","Matching Tasks","yes","no","","no","OrientationCrossLanguages_2018PSA_PP_1.2.4.osexp","C:\psa","no","mono","no","18","no","#0000ff","no","Español","yes","no","768","no","no","legacy","31","31","4","5","C:/psa/ECU_001_SP_27.csv","legacy","no","Kafkaesque Koffka","3.2.8","yes","5a7ce671e83246000deafe81","no","no","0","0","F","space","NA","F","NA","NA","NA","NA","NA","NA","NA","NA","NA","NA","NA","space","NA","NA","NA","F","NA","NA","NA","NA","NA","NA","NA","NA","NA","NA","NA","space","NA","NA","NA","681","1153","NA","681","NA","NA","NA","NA","NA","NA","NA","NA","NA","NA","NA","4817","NA","NA","NA","625","NA","NA","NA","NA","NA","NA","NA","NA","NA","NA","NA","10290","NA","NA","NA","2","legacy","no","no","1024","2","48000","-16","yes","EXP","27","odd","no","no","NA","12023","4987","4989","10002","12008","12008","111970","NA","55327","128526","48825","22327","50495","129028","128524","12023","55327","129028","129712","NA","NA","22327","50455","39256","48823","39256","39256","22327","NA","NA","NA","NA","NA","NA","NA","NA","NA","NA","NA","50498","NA","NA","NA","49327","49327","49955","25448","38726","130212","NA","NA","NA","NA","NA","NA","NA","NA","NA","NA","NA","12025","NA","NA","NA","Orientation_PSA2018","8","5908","8","no","yes","1024"
"F","8016","F","F","PP_LIST2.csv","knife.jpg","ladder.jpg","100","100","730.111111111","730.111111111","#ffffff","yes","legacy","legacy","legacy","0","uniform","1","1","undefined","1","undefined","6","f","0","0","0","0","0","0","0","0","32","0","32","13","0","0","32","32","0","0","32","32","32","32","0","13","3","13","3","3","0","0","0","0","0","0","0","0","0","0","0","0","0","0","0","0","13","13","13","13","13","32","0","0","0","0","0","0","0","0","0","0","0","0","0","0","0","12/16/19 16:18:04","no","Matching Tasks","yes","no","","no","OrientationCrossLanguages_2018PSA_PP_1.2.4.osexp","C:\psa","no","mono","no","18","no","#0000ff","no","Español","yes","no","768","no","no","legacy","32","32","4","5","C:/psa/ECU_001_SP_27.csv","legacy","no","Kafkaesque Koffka","3.2.8","yes","5a7ce671e83246000deafe81","no","no","0","0","F","space","NA","F","NA","NA","NA","NA","NA","NA","NA","NA","NA","NA","NA","space","NA","NA","NA","F","NA","NA","NA","NA","NA","NA","NA","NA","NA","NA","NA","space","NA","NA","NA","663","1153","NA","663","NA","NA","NA","NA","NA","NA","NA","NA","NA","NA","NA","4817","NA","NA","NA","625","NA","NA","NA","NA","NA","NA","NA","NA","NA","NA","NA","10290","NA","NA","NA","2","legacy","no","no","1024","2","48000","-16","yes","EXP","27","odd","no","no","NA","12023","4987","4989","10002","12008","12008","111970","NA","55327","130789","48825","22327","50495","131291","130788","12023","55327","131291","131956","NA","NA","22327","50455","39256","48823","39256","39256","22327","NA","NA","NA","NA","NA","NA","NA","NA","NA","NA","NA","50498","NA","NA","NA","49327","49327","49955","25448","38726","132457","NA","NA","NA","NA","NA","NA","NA","NA","NA","NA","NA","12025","NA","NA","NA","Orientation_PSA2018","9","6571","9","no","yes","1024"
"N","8016","V","H","PP_LIST2.csv","guitarV.jpg","guitarH.jpg","100","100","736.3","736.3","#ffffff","yes","legacy","legacy","legacy","0","uniform","1","1","undefined","1","undefined","6","j","0","0","0","0","0","0","0","0","33","0","33","13","0","0","33","33","0","0","33","33","33","33","0","13","3","13","3","3","0","0","0","0","0","0","0","0","0","0","0","0","0","0","0","0","13","13","13","13","13","33","0","0","0","0","0","0","0","0","0","0","0","0","0","0","0","12/16/19 16:18:04","no","Matching Tasks","yes","no","","no","OrientationCrossLanguages_2018PSA_PP_1.2.4.osexp","C:\psa","no","mono","no","18","no","#0000ff","no","Español","yes","no","768","no","no","legacy","33","33","4","5","C:/psa/ECU_001_SP_27.csv","legacy","no","Kafkaesque Koffka","3.2.8","yes","5a7ce671e83246000deafe81","no","no","0","0","J","space","NA","J","NA","NA","NA","NA","NA","NA","NA","NA","NA","NA","NA","space","NA","NA","NA","F","NA","NA","NA","NA","NA","NA","NA","NA","NA","NA","NA","space","NA","NA","NA","792","1153","NA","792","NA","NA","NA","NA","NA","NA","NA","NA","NA","NA","NA","4817","NA","NA","NA","625","NA","NA","NA","NA","NA","NA","NA","NA","NA","NA","NA","10290","NA","NA","NA","2","legacy","no","no","1024","2","48000","-16","yes","EXP","27","odd","no","no","NA","12023","4987","4989","10002","12008","12008","111970","NA","55327","132643","48825","22327","50495","133145","132640","12023","55327","133145","133939","NA","NA","22327","50455","39256","48823","39256","39256","22327","NA","NA","NA","NA","NA","NA","NA","NA","NA","NA","NA","50498","NA","NA","NA","49327","49327","49955","25448","38726","134439","NA","NA","NA","NA","NA","NA","NA","NA","NA","NA","NA","12025","NA","NA","NA","Orientation_PSA2018","10","7363","10","no","yes","1024"
"N","8016","V","H","PP_LIST2.csv","nailV.jpg","nailH.jpg","100","100","736.727272727","736.727272727","#ffffff","yes","legacy","legacy","legacy","0","uniform","1","1","undefined","1","undefined","6","j","0","0","0","0","0","0","0","0","34","0","34","13","0","0","34","34","0","0","34","34","34","34","0","13","3","13","3","3","0","0","0","0","0","0","0","0","0","0","0","0","0","0","0","0","13","13","13","13","13","34","0","0","0","0","0","0","0","0","0","0","0","0","0","0","0","12/16/19 16:18:04","no","Matching Tasks","yes","no","","no","OrientationCrossLanguages_2018PSA_PP_1.2.4.osexp","C:\psa","no","mono","no","18","no","#0000ff","no","Español","yes","no","768","no","no","legacy","34","34","4","5","C:/psa/ECU_001_SP_27.csv","legacy","no","Kafkaesque Koffka","3.2.8","yes","5a7ce671e83246000deafe81","no","no","0","0","J","space","NA","J","NA","NA","NA","NA","NA","NA","NA","NA","NA","NA","NA","space","NA","NA","NA","F","NA","NA","NA","NA","NA","NA","NA","NA","NA","NA","NA","space","NA","NA","NA","741","1153","NA","741","NA","NA","NA","NA","NA","NA","NA","NA","NA","NA","NA","4817","NA","NA","NA","625","NA","NA","NA","NA","NA","NA","NA","NA","NA","NA","NA","10290","NA","NA","NA","2","legacy","no","no","1024","2","48000","-16","yes","EXP","27","odd","no","no","NA","12023","4987","4989","10002","12008","12008","111970","NA","55327","134706","48825","22327","50495","135208","134704","12023","55327","135208","135951","NA","NA","22327","50455","39256","48823","39256","39256","22327","NA","NA","NA","NA","NA","NA","NA","NA","NA","NA","NA","50498","NA","NA","NA","49327","49327","49955","25448","38726","136451","NA","NA","NA","NA","NA","NA","NA","NA","NA","NA","NA","12025","NA","NA","NA","Orientation_PSA2018","11","8104","11","no","yes","1024"
"F","8016","F","F","PP_LIST2.csv","house.jpg","ring.jpg","100","100","735.083333333","735.083333333","#ffffff","yes","legacy","legacy","legacy","0","uniform","1","1","undefined","1","undefined","6","f","0","0","0","0","0","0","0","0","35","0","35","13","0","0","35","35","0","0","35","35","35","35","0","13","3","13","3","3","0","0","0","0","0","0","0","0","0","0","0","0","0","0","0","0","13","13","13","13","13","35","0","0","0","0","0","0","0","0","0","0","0","0","0","0","0","12/16/19 16:18:04","no","Matching Tasks","yes","no","","no","OrientationCrossLanguages_2018PSA_PP_1.2.4.osexp","C:\psa","no","mono","no","18","no","#0000ff","no","Español","yes","no","768","no","no","legacy","35","35","4","5","C:/psa/ECU_001_SP_27.csv","legacy","no","Kafkaesque Koffka","3.2.8","yes","5a7ce671e83246000deafe81","no","no","0","0","F","space","NA","F","NA","NA","NA","NA","NA","NA","NA","NA","NA","NA","NA","space","NA","NA","NA","F","NA","NA","NA","NA","NA","NA","NA","NA","NA","NA","NA","space","NA","NA","NA","717","1153","NA","717","NA","NA","NA","NA","NA","NA","NA","NA","NA","NA","NA","4817","NA","NA","NA","625","NA","NA","NA","NA","NA","NA","NA","NA","NA","NA","NA","10290","NA","NA","NA","2","legacy","no","no","1024","2","48000","-16","yes","EXP","27","odd","no","no","NA","12023","4987","4989","10002","12008","12008","111970","NA","55327","137014","48825","22327","50495","137516","137012","12023","55327","137516","138236","NA","NA","22327","50455","39256","48823","39256","39256","22327","NA","NA","NA","NA","NA","NA","NA","NA","NA","NA","NA","50498","NA","NA","NA","49327","49327","49955","25448","38726","138736","NA","NA","NA","NA","NA","NA","NA","NA","NA","NA","NA","12025","NA","NA","NA","Orientation_PSA2018","12","8821","12","no","yes","1024"
"N","8016","H","V","PP_LIST2.csv","brushH.jpg","brushV.jpg","100","100","733.923076923","733.923076923","#ffffff","yes","legacy","legacy","legacy","0","uniform","1","1","undefined","1","undefined","6","j","0","0","0","0","0","0","0","0","36","0","36","13","0","0","36","36","0","0","36","36","36","36","0","13","3","13","3","3","0","0","0","0","0","0","0","0","0","0","0","0","0","0","0","0","13","13","13","13","13","36","0","0","0","0","0","0","0","0","0","0","0","0","0","0","0","12/16/19 16:18:04","no","Matching Tasks","yes","no","","no","OrientationCrossLanguages_2018PSA_PP_1.2.4.osexp","C:\psa","no","mono","no","18","no","#0000ff","no","Español","yes","no","768","no","no","legacy","36","36","4","5","C:/psa/ECU_001_SP_27.csv","legacy","no","Kafkaesque Koffka","3.2.8","yes","5a7ce671e83246000deafe81","no","no","0","0","J","space","NA","J","NA","NA","NA","NA","NA","NA","NA","NA","NA","NA","NA","space","NA","NA","NA","F","NA","NA","NA","NA","NA","NA","NA","NA","NA","NA","NA","space","NA","NA","NA","720","1153","NA","720","NA","NA","NA","NA","NA","NA","NA","NA","NA","NA","NA","4817","NA","NA","NA","625","NA","NA","NA","NA","NA","NA","NA","NA","NA","NA","NA","10290","NA","NA","NA","2","legacy","no","no","1024","2","48000","-16","yes","EXP","27","odd","no","no","NA","12023","4987","4989","10002","12008","12008","111970","NA","55327","138968","48825","22327","50495","139470","138966","12023","55327","139470","140192","NA","NA","22327","50455","39256","48823","39256","39256","22327","NA","NA","NA","NA","NA","NA","NA","NA","NA","NA","NA","50498","NA","NA","NA","49327","49327","49955","25448","38726","140692","NA","NA","NA","NA","NA","NA","NA","NA","NA","NA","NA","12025","NA","NA","NA","Orientation_PSA2018","13","9541","13","no","yes","1024"
"N","8016","V","H","PP_LIST2.csv","keyV.jpg","keyH.jpg","100","100","732.571428571","732.571428571","#ffffff","yes","legacy","legacy","legacy","0","uniform","1","1","undefined","1","undefined","6","j","0","0","0","0","0","0","0","0","37","0","37","13","0","0","37","37","0","0","37","37","37","37","0","13","3","13","3","3","0","0","0","0","0","0","0","0","0","0","0","0","0","0","0","0","13","13","13","13","13","37","0","0","0","0","0","0","0","0","0","0","0","0","0","0","0","12/16/19 16:18:04","no","Matching Tasks","yes","no","","no","OrientationCrossLanguages_2018PSA_PP_1.2.4.osexp","C:\psa","no","mono","no","18","no","#0000ff","no","Español","yes","no","768","no","no","legacy","37","37","4","5","C:/psa/ECU_001_SP_27.csv","legacy","no","Kafkaesque Koffka","3.2.8","yes","5a7ce671e83246000deafe81","no","no","0","0","J","space","NA","J","NA","NA","NA","NA","NA","NA","NA","NA","NA","NA","NA","space","NA","NA","NA","F","NA","NA","NA","NA","NA","NA","NA","NA","NA","NA","NA","space","NA","NA","NA","715","1153","NA","715","NA","NA","NA","NA","NA","NA","NA","NA","NA","NA","NA","4817","NA","NA","NA","625","NA","NA","NA","NA","NA","NA","NA","NA","NA","NA","NA","10290","NA","NA","NA","2","legacy","no","no","1024","2","48000","-16","yes","EXP","27","odd","no","no","NA","12023","4987","4989","10002","12008","12008","111970","NA","55327","141414","48825","22327","50495","141916","141411","12023","55327","141916","142634","NA","NA","22327","50455","39256","48823","39256","39256","22327","NA","NA","NA","NA","NA","NA","NA","NA","NA","NA","NA","50498","NA","NA","NA","49327","49327","49955","25448","38726","143134","NA","NA","NA","NA","NA","NA","NA","NA","NA","NA","NA","12025","NA","NA","NA","Orientation_PSA2018","14","10256","14","no","yes","1024"
"F","8016","F","F","PP_LIST2.csv","stove.jpg","ftball.jpg","100","100","727.666666667","727.666666667","#ffffff","yes","legacy","legacy","legacy","0","uniform","1","1","undefined","1","undefined","6","f","0","0","0","0","0","0","0","0","38","0","38","13","0","0","38","38","0","0","38","38","38","38","0","13","3","13","3","3","0","0","0","0","0","0","0","0","0","0","0","0","0","0","0","0","13","13","13","13","13","38","0","0","0","0","0","0","0","0","0","0","0","0","0","0","0","12/16/19 16:18:04","no","Matching Tasks","yes","no","","no","OrientationCrossLanguages_2018PSA_PP_1.2.4.osexp","C:\psa","no","mono","no","18","no","#0000ff","no","Español","yes","no","768","no","no","legacy","38","38","4","5","C:/psa/ECU_001_SP_27.csv","legacy","no","Kafkaesque Koffka","3.2.8","yes","5a7ce671e83246000deafe81","no","no","0","0","F","space","NA","F","NA","NA","NA","NA","NA","NA","NA","NA","NA","NA","NA","space","NA","NA","NA","F","NA","NA","NA","NA","NA","NA","NA","NA","NA","NA","NA","space","NA","NA","NA","659","1153","NA","659","NA","NA","NA","NA","NA","NA","NA","NA","NA","NA","NA","4817","NA","NA","NA","625","NA","NA","NA","NA","NA","NA","NA","NA","NA","NA","NA","10290","NA","NA","NA","2","legacy","no","no","1024","2","48000","-16","yes","EXP","27","odd","no","no","NA","12023","4987","4989","10002","12008","12008","111970","NA","55327","143577","48825","22327","50495","144079","143575","12023","55327","144079","144740","NA","NA","22327","50455","39256","48823","39256","39256","22327","NA","NA","NA","NA","NA","NA","NA","NA","NA","NA","NA","50498","NA","NA","NA","49327","49327","49955","25448","38726","145240","NA","NA","NA","NA","NA","NA","NA","NA","NA","NA","NA","12025","NA","NA","NA","Orientation_PSA2018","15","10915","15","no","yes","1024"
"F","8016","F","F","PP_LIST2.csv","nut.jpg","watch.jpg","100","100","743.125","743.125","#ffffff","yes","legacy","legacy","legacy","0","uniform","1","1","undefined","1","undefined","6","f","0","0","0","0","0","0","0","0","39","0","39","13","0","0","39","39","0","0","39","39","39","39","0","13","3","13","3","3","0","0","0","0","0","0","0","0","0","0","0","0","0","0","0","0","13","13","13","13","13","39","0","0","0","0","0","0","0","0","0","0","0","0","0","0","0","12/16/19 16:18:04","no","Matching Tasks","yes","no","","no","OrientationCrossLanguages_2018PSA_PP_1.2.4.osexp","C:\psa","no","mono","no","18","no","#0000ff","no","Español","yes","no","768","no","no","legacy","39","39","4","5","C:/psa/ECU_001_SP_27.csv","legacy","no","Kafkaesque Koffka","3.2.8","yes","5a7ce671e83246000deafe81","no","no","0","0","F","space","NA","F","NA","NA","NA","NA","NA","NA","NA","NA","NA","NA","NA","space","NA","NA","NA","F","NA","NA","NA","NA","NA","NA","NA","NA","NA","NA","NA","space","NA","NA","NA","975","1153","NA","975","NA","NA","NA","NA","NA","NA","NA","NA","NA","NA","NA","4817","NA","NA","NA","625","NA","NA","NA","NA","NA","NA","NA","NA","NA","NA","NA","10290","NA","NA","NA","2","legacy","no","no","1024","2","48000","-16","yes","EXP","27","odd","no","no","NA","12023","4987","4989","10002","12008","12008","111970","NA","55327","145412","48825","22327","50495","145913","145410","12023","55327","145914","146891","NA","NA","22327","50455","39256","48823","39256","39256","22327","NA","NA","NA","NA","NA","NA","NA","NA","NA","NA","NA","50498","NA","NA","NA","49327","49327","49955","25448","38726","147391","NA","NA","NA","NA","NA","NA","NA","NA","NA","NA","NA","12025","NA","NA","NA","Orientation_PSA2018","16","11890","16","no","yes","1024"
"F","8016","F","F","PP_LIST2.csv","buggy.jpg","glass.jpg","100","100","744.411764706","744.411764706","#ffffff","yes","legacy","legacy","legacy","0","uniform","1","1","undefined","1","undefined","6","f","0","0","0","0","0","0","0","0","40","0","40","13","0","0","40","40","0","0","40","40","40","40","0","13","3","13","3","3","0","0","0","0","0","0","0","0","0","0","0","0","0","0","0","0","13","13","13","13","13","40","0","0","0","0","0","0","0","0","0","0","0","0","0","0","0","12/16/19 16:18:04","no","Matching Tasks","yes","no","","no","OrientationCrossLanguages_2018PSA_PP_1.2.4.osexp","C:\psa","no","mono","no","18","no","#0000ff","no","Español","yes","no","768","no","no","legacy","40","40","4","5","C:/psa/ECU_001_SP_27.csv","legacy","no","Kafkaesque Koffka","3.2.8","yes","5a7ce671e83246000deafe81","no","no","0","0","F","space","NA","F","NA","NA","NA","NA","NA","NA","NA","NA","NA","NA","NA","space","NA","NA","NA","F","NA","NA","NA","NA","NA","NA","NA","NA","NA","NA","NA","space","NA","NA","NA","765","1153","NA","765","NA","NA","NA","NA","NA","NA","NA","NA","NA","NA","NA","4817","NA","NA","NA","625","NA","NA","NA","NA","NA","NA","NA","NA","NA","NA","NA","10290","NA","NA","NA","2","legacy","no","no","1024","2","48000","-16","yes","EXP","27","odd","no","no","NA","12023","4987","4989","10002","12008","12008","111970","NA","55327","147573","48825","22327","50495","148075","147571","12023","55327","148075","148842","NA","NA","22327","50455","39256","48823","39256","39256","22327","NA","NA","NA","NA","NA","NA","NA","NA","NA","NA","NA","50498","NA","NA","NA","49327","49327","49955","25448","38726","149342","NA","NA","NA","NA","NA","NA","NA","NA","NA","NA","NA","12025","NA","NA","NA","Orientation_PSA2018","17","12655","17","no","yes","1024"
"Y","8016","V","V","PP_LIST2.csv","broomV.jpg","broomV.jpg","100","100","743.777777778","743.777777778","#ffffff","yes","legacy","legacy","legacy","0","uniform","1","1","undefined","1","undefined","6","j","0","0","0","0","0","0","0","0","41","0","41","13","0","0","41","41","0","0","41","41","41","41","0","13","3","13","3","3","0","0","0","0","0","0","0","0","0","0","0","0","0","0","0","0","13","13","13","13","13","41","0","0","0","0","0","0","0","0","0","0","0","0","0","0","0","12/16/19 16:18:04","no","Matching Tasks","yes","no","","no","OrientationCrossLanguages_2018PSA_PP_1.2.4.osexp","C:\psa","no","mono","no","18","no","#0000ff","no","Español","yes","no","768","no","no","legacy","41","41","4","5","C:/psa/ECU_001_SP_27.csv","legacy","no","Kafkaesque Koffka","3.2.8","yes","5a7ce671e83246000deafe81","no","no","0","0","J","space","NA","J","NA","NA","NA","NA","NA","NA","NA","NA","NA","NA","NA","space","NA","NA","NA","F","NA","NA","NA","NA","NA","NA","NA","NA","NA","NA","NA","space","NA","NA","NA","733","1153","NA","733","NA","NA","NA","NA","NA","NA","NA","NA","NA","NA","NA","4817","NA","NA","NA","625","NA","NA","NA","NA","NA","NA","NA","NA","NA","NA","NA","10290","NA","NA","NA","2","legacy","no","no","1024","2","48000","-16","yes","EXP","27","odd","no","no","NA","12023","4987","4989","10002","12008","12008","111970","NA","55327","149549","48825","22327","50495","150050","149547","12023","55327","150050","150785","NA","NA","22327","50455","39256","48823","39256","39256","22327","NA","NA","NA","NA","NA","NA","NA","NA","NA","NA","NA","50498","NA","NA","NA","49327","49327","49955","25448","38726","151285","NA","NA","NA","NA","NA","NA","NA","NA","NA","NA","NA","12025","NA","NA","NA","Orientation_PSA2018","18","13388","18","no","yes","1024"
"N","8016","H","V","PP_LIST2.csv","caterpillarH.jpg","caterpillarV.jpg","100","100","741.473684211","741.473684211","#ffffff","yes","legacy","legacy","legacy","0","uniform","1","1","undefined","1","undefined","6","j","0","0","0","0","0","0","0","0","42","0","42","13","0","0","42","42","0","0","42","42","42","42","0","13","3","13","3","3","0","0","0","0","0","0","0","0","0","0","0","0","0","0","0","0","13","13","13","13","13","42","0","0","0","0","0","0","0","0","0","0","0","0","0","0","0","12/16/19 16:18:04","no","Matching Tasks","yes","no","","no","OrientationCrossLanguages_2018PSA_PP_1.2.4.osexp","C:\psa","no","mono","no","18","no","#0000ff","no","Español","yes","no","768","no","no","legacy","42","42","4","5","C:/psa/ECU_001_SP_27.csv","legacy","no","Kafkaesque Koffka","3.2.8","yes","5a7ce671e83246000deafe81","no","no","0","0","J","space","NA","J","NA","NA","NA","NA","NA","NA","NA","NA","NA","NA","NA","space","NA","NA","NA","F","NA","NA","NA","NA","NA","NA","NA","NA","NA","NA","NA","space","NA","NA","NA","700","1153","NA","700","NA","NA","NA","NA","NA","NA","NA","NA","NA","NA","NA","4817","NA","NA","NA","625","NA","NA","NA","NA","NA","NA","NA","NA","NA","NA","NA","10290","NA","NA","NA","2","legacy","no","no","1024","2","48000","-16","yes","EXP","27","odd","no","no","NA","12023","4987","4989","10002","12008","12008","111970","NA","55327","151558","48825","22327","50495","152060","151556","12023","55327","152060","152763","NA","NA","22327","50455","39256","48823","39256","39256","22327","NA","NA","NA","NA","NA","NA","NA","NA","NA","NA","NA","50498","NA","NA","NA","49327","49327","49955","25448","38726","153263","NA","NA","NA","NA","NA","NA","NA","NA","NA","NA","NA","12025","NA","NA","NA","Orientation_PSA2018","19","14088","19","no","yes","1024"
"F","8016","F","F","PP_LIST2.csv","skirt.jpg","tlphon.jpg","100","100","739.6","739.6","#ffffff","yes","legacy","legacy","legacy","0","uniform","1","1","undefined","1","undefined","6","f","0","0","0","0","0","0","0","0","43","0","43","13","0","0","43","43","0","0","43","43","43","43","0","13","3","13","3","3","0","0","0","0","0","0","0","0","0","0","0","0","0","0","0","0","13","13","13","13","13","43","0","0","0","0","0","0","0","0","0","0","0","0","0","0","0","12/16/19 16:18:04","no","Matching Tasks","yes","no","","no","OrientationCrossLanguages_2018PSA_PP_1.2.4.osexp","C:\psa","no","mono","no","18","no","#0000ff","no","Español","yes","no","768","no","no","legacy","43","43","4","5","C:/psa/ECU_001_SP_27.csv","legacy","no","Kafkaesque Koffka","3.2.8","yes","5a7ce671e83246000deafe81","no","no","0","0","F","space","NA","F","NA","NA","NA","NA","NA","NA","NA","NA","NA","NA","NA","space","NA","NA","NA","F","NA","NA","NA","NA","NA","NA","NA","NA","NA","NA","NA","space","NA","NA","NA","704","1153","NA","704","NA","NA","NA","NA","NA","NA","NA","NA","NA","NA","NA","4817","NA","NA","NA","625","NA","NA","NA","NA","NA","NA","NA","NA","NA","NA","NA","10290","NA","NA","NA","2","legacy","no","no","1024","2","48000","-16","yes","EXP","27","odd","no","no","NA","12023","4987","4989","10002","12008","12008","111970","NA","55327","153433","48825","22327","50495","153935","153431","12023","55327","153935","154641","NA","NA","22327","50455","39256","48823","39256","39256","22327","NA","NA","NA","NA","NA","NA","NA","NA","NA","NA","NA","50498","NA","NA","NA","49327","49327","49955","25448","38726","155141","NA","NA","NA","NA","NA","NA","NA","NA","NA","NA","NA","12025","NA","NA","NA","Orientation_PSA2018","20","14792","20","no","yes","1024"
"F","8016","F","F","PP_LIST2.csv","watch.jpg","skirt.jpg","100","100","744.476190476","744.476190476","#ffffff","yes","legacy","legacy","legacy","0","uniform","1","1","undefined","1","undefined","6","f","0","0","0","0","0","0","0","0","44","0","44","13","0","0","44","44","0","0","44","44","44","44","0","13","3","13","3","3","0","0","0","0","0","0","0","0","0","0","0","0","0","0","0","0","13","13","13","13","13","44","0","0","0","0","0","0","0","0","0","0","0","0","0","0","0","12/16/19 16:18:04","no","Matching Tasks","yes","no","","no","OrientationCrossLanguages_2018PSA_PP_1.2.4.osexp","C:\psa","no","mono","no","18","no","#0000ff","no","Español","yes","no","768","no","no","legacy","44","44","4","5","C:/psa/ECU_001_SP_27.csv","legacy","no","Kafkaesque Koffka","3.2.8","yes","5a7ce671e83246000deafe81","no","no","0","0","F","space","NA","F","NA","NA","NA","NA","NA","NA","NA","NA","NA","NA","NA","space","NA","NA","NA","F","NA","NA","NA","NA","NA","NA","NA","NA","NA","NA","NA","space","NA","NA","NA","842","1153","NA","842","NA","NA","NA","NA","NA","NA","NA","NA","NA","NA","NA","4817","NA","NA","NA","625","NA","NA","NA","NA","NA","NA","NA","NA","NA","NA","NA","10290","NA","NA","NA","2","legacy","no","no","1024","2","48000","-16","yes","EXP","27","odd","no","no","NA","12023","4987","4989","10002","12008","12008","111970","NA","55327","155414","48825","22327","50495","155915","155412","12023","55327","155916","156760","NA","NA","22327","50455","39256","48823","39256","39256","22327","NA","NA","NA","NA","NA","NA","NA","NA","NA","NA","NA","50498","NA","NA","NA","49327","49327","49955","25448","38726","157260","NA","NA","NA","NA","NA","NA","NA","NA","NA","NA","NA","12025","NA","NA","NA","Orientation_PSA2018","21","15634","21","no","yes","1024"
"F","8016","F","F","PP_LIST2.csv","pumpkin.jpg","trmpet.jpg","100","100","736.909090909","736.909090909","#ffffff","yes","legacy","legacy","legacy","0","uniform","1","1","undefined","1","undefined","6","f","0","0","0","0","0","0","0","0","45","0","45","13","0","0","45","45","0","0","45","45","45","45","0","13","3","13","3","3","0","0","0","0","0","0","0","0","0","0","0","0","0","0","0","0","13","13","13","13","13","45","0","0","0","0","0","0","0","0","0","0","0","0","0","0","0","12/16/19 16:18:04","no","Matching Tasks","yes","no","","no","OrientationCrossLanguages_2018PSA_PP_1.2.4.osexp","C:\psa","no","mono","no","18","no","#0000ff","no","Español","yes","no","768","no","no","legacy","45","45","4","5","C:/psa/ECU_001_SP_27.csv","legacy","no","Kafkaesque Koffka","3.2.8","yes","5a7ce671e83246000deafe81","no","no","0","0","F","space","NA","F","NA","NA","NA","NA","NA","NA","NA","NA","NA","NA","NA","space","NA","NA","NA","F","NA","NA","NA","NA","NA","NA","NA","NA","NA","NA","NA","space","NA","NA","NA","578","1153","NA","578","NA","NA","NA","NA","NA","NA","NA","NA","NA","NA","NA","4817","NA","NA","NA","625","NA","NA","NA","NA","NA","NA","NA","NA","NA","NA","NA","10290","NA","NA","NA","2","legacy","no","no","1024","2","48000","-16","yes","EXP","27","odd","no","no","NA","12023","4987","4989","10002","12008","12008","111970","NA","55327","157956","48825","22327","50495","158458","157953","12023","55327","158458","159039","NA","NA","22327","50455","39256","48823","39256","39256","22327","NA","NA","NA","NA","NA","NA","NA","NA","NA","NA","NA","50498","NA","NA","NA","49327","49327","49955","25448","38726","159539","NA","NA","NA","NA","NA","NA","NA","NA","NA","NA","NA","12025","NA","NA","NA","Orientation_PSA2018","22","16212","22","no","yes","1024"
"Y","8016","V","V","PP_LIST2.csv","axeV.jpg","axeV.jpg","100","100","738.173913043","738.173913043","#ffffff","yes","legacy","legacy","legacy","0","uniform","1","1","undefined","1","undefined","6","j","0","0","0","0","0","0","0","0","46","0","46","13","0","0","46","46","0","0","46","46","46","46","0","13","3","13","3","3","0","0","0","0","0","0","0","0","0","0","0","0","0","0","0","0","13","13","13","13","13","46","0","0","0","0","0","0","0","0","0","0","0","0","0","0","0","12/16/19 16:18:04","no","Matching Tasks","yes","no","","no","OrientationCrossLanguages_2018PSA_PP_1.2.4.osexp","C:\psa","no","mono","no","18","no","#0000ff","no","Español","yes","no","768","no","no","legacy","46","46","4","5","C:/psa/ECU_001_SP_27.csv","legacy","no","Kafkaesque Koffka","3.2.8","yes","5a7ce671e83246000deafe81","no","no","0","0","J","space","NA","J","NA","NA","NA","NA","NA","NA","NA","NA","NA","NA","NA","space","NA","NA","NA","F","NA","NA","NA","NA","NA","NA","NA","NA","NA","NA","NA","space","NA","NA","NA","766","1153","NA","766","NA","NA","NA","NA","NA","NA","NA","NA","NA","NA","NA","4817","NA","NA","NA","625","NA","NA","NA","NA","NA","NA","NA","NA","NA","NA","NA","10290","NA","NA","NA","2","legacy","no","no","1024","2","48000","-16","yes","EXP","27","odd","no","no","NA","12023","4987","4989","10002","12008","12008","111970","NA","55327","159731","48825","22327","50495","160234","159729","12023","55327","160234","161003","NA","NA","22327","50455","39256","48823","39256","39256","22327","NA","NA","NA","NA","NA","NA","NA","NA","NA","NA","NA","50498","NA","NA","NA","49327","49327","49955","25448","38726","161503","NA","NA","NA","NA","NA","NA","NA","NA","NA","NA","NA","12025","NA","NA","NA","Orientation_PSA2018","23","16978","23","no","yes","1024"
"Y","8016","V","V","PP_LIST2.csv","batV.jpg","batV.jpg","100","100","741.416666667","741.416666667","#ffffff","yes","legacy","legacy","legacy","0","uniform","1","1","undefined","1","undefined","6","j","0","0","0","0","0","0","0","0","47","0","47","13","0","0","47","47","0","0","47","47","47","47","0","13","3","13","3","3","0","0","0","0","0","0","0","0","0","0","0","0","0","0","0","0","13","13","13","13","13","47","0","0","0","0","0","0","0","0","0","0","0","0","0","0","0","12/16/19 16:18:04","no","Matching Tasks","yes","no","","no","OrientationCrossLanguages_2018PSA_PP_1.2.4.osexp","C:\psa","no","mono","no","18","no","#0000ff","no","Español","yes","no","768","no","no","legacy","47","47","4","5","C:/psa/ECU_001_SP_27.csv","legacy","no","Kafkaesque Koffka","3.2.8","yes","5a7ce671e83246000deafe81","no","no","0","0","J","space","NA","J","NA","NA","NA","NA","NA","NA","NA","NA","NA","NA","NA","space","NA","NA","NA","F","NA","NA","NA","NA","NA","NA","NA","NA","NA","NA","NA","space","NA","NA","NA","816","1153","NA","816","NA","NA","NA","NA","NA","NA","NA","NA","NA","NA","NA","4817","NA","NA","NA","625","NA","NA","NA","NA","NA","NA","NA","NA","NA","NA","NA","10290","NA","NA","NA","2","legacy","no","no","1024","2","48000","-16","yes","EXP","27","odd","no","no","NA","12023","4987","4989","10002","12008","12008","111970","NA","55327","161842","48825","22327","50495","162344","161840","12023","55327","162344","163162","NA","NA","22327","50455","39256","48823","39256","39256","22327","NA","NA","NA","NA","NA","NA","NA","NA","NA","NA","NA","50498","NA","NA","NA","49327","49327","49955","25448","38726","163662","NA","NA","NA","NA","NA","NA","NA","NA","NA","NA","NA","12025","NA","NA","NA","Orientation_PSA2018","24","17794","24","no","yes","1024"
