"Identical","LAB_SEED","Match","Orientation","Orientation1","Orientation2","PPList","Picture1","Picture2","Probe","Target","acc","accuracy","average_response_time","avg_rt","background","bidi","canvas_backend","clock_backend","color_backend","compensation","coordinates","correct","correct_Pictures_response","correct_Start_E","correct_Target_response_Prac","correct_Welcome_PP_E","correct_count","correct_response","count_Check_This","count_Disable_Mouse","count_EXP","count_LAB_SEED","count_Language_Selection","count_List_Select","count_List_Selection","count_Pictures_Break","count_Pictures_End","count_Pictures_Exp","count_Pictures_Fixation","count_Pictures_Fixation_Prac","count_Pictures_Prac","count_Pictures_Start","count_Pictures_Target","count_Pictures_Trial","count_Pictures_Welcome","count_Pictures_loop","count_Pictures_response","count_Pictures_response_correct","count_Pictures_response_noans","count_Pictures_response_wrong","count_Prac","count_Prac_Count","count_Prac_Reset","count_Prac_Trial","count_Prac_loop","count_Prac_seq","count_Prac_setup","count_Start_DE","count_Start_E","count_Start_HUN","count_Start_NOR","count_Start_PL","count_Start_SC","count_Start_TC","count_Start_THAI","count_Target_Prac","count_Target_response_Prac","count_Target_response_correct_Prac","count_Target_response_noans_Prac","count_Target_response_wrong_Prac","count_Trial_logger","count_Welcome_PP_DE","count_Welcome_PP_E","count_Welcome_PP_HUN","count_Welcome_PP_NOR","count_Welcome_PP_PL","count_Welcome_PP_SC","count_Welcome_PP_TC","count_Welcome_PP_THAI","datetime","de","description","disable_garbage_collection","empty_column","en","experiment_path","font_bold","font_family","font_italic","font_size","font_underline","foreground","form_clicks","form_response","fullscreen","height","hun","keyboard_backend","live_row","live_row_Pictures_loop","live_row_Prac","live_row_Prac_loop","logfile","mouse_backend","nor","opensesame_codename","opensesame_version","osf_always_upload_experiment","osf_id","pol","repeat_cycle","reset_loop","response","response_Pictures_Break","response_Pictures_End","response_Pictures_response","response_Start_DE","response_Start_E","response_Start_HUN","response_Start_NOR","response_Start_PL","response_Start_SC","response_Start_TC","response_Start_THAI","response_Target_response_Prac","response_Welcome_PP_DE","response_Welcome_PP_E","response_Welcome_PP_HUN","response_Welcome_PP_NOR","response_Welcome_PP_PL","response_Welcome_PP_SC","response_Welcome_PP_TC","response_Welcome_PP_THAI","response_time","response_time_Pictures_Break","response_time_Pictures_End","response_time_Pictures_response","response_time_Start_DE","response_time_Start_E","response_time_Start_HUN","response_time_Start_NOR","response_time_Start_PL","response_time_Start_SC","response_time_Start_TC","response_time_Start_THAI","response_time_Target_response_Prac","response_time_Welcome_PP_DE","response_time_Welcome_PP_E","response_time_Welcome_PP_HUN","response_time_Welcome_PP_NOR","response_time_Welcome_PP_PL","response_time_Welcome_PP_SC","response_time_Welcome_PP_TC","response_time_Welcome_PP_THAI","round_decimals","sampler_backend","sc","sound_buf_size","sound_channels","sound_freq","sound_sample_size","start","subject_nr","subject_parity","tc","thai","time_Check_This","time_Disable_Mouse","time_EXP","time_LAB_SEED","time_Language_Selection","time_List_Select","time_List_Selection","time_Pictures_Break","time_Pictures_End","time_Pictures_Exp","time_Pictures_Fixation","time_Pictures_Fixation_Prac","time_Pictures_Prac","time_Pictures_Start","time_Pictures_Target","time_Pictures_Trial","time_Pictures_Welcome","time_Pictures_loop","time_Pictures_response","time_Pictures_response_correct","time_Pictures_response_noans","time_Pictures_response_wrong","time_Prac","time_Prac_Count","time_Prac_Reset","time_Prac_Trial","time_Prac_loop","time_Prac_seq","time_Prac_setup","time_Start_DE","time_Start_E","time_Start_HUN","time_Start_NOR","time_Start_PL","time_Start_SC","time_Start_TC","time_Start_THAI","time_Target_Prac","time_Target_response_Prac","time_Target_response_correct_Prac","time_Target_response_noans_Prac","time_Target_response_wrong_Prac","time_Trial_logger","time_Welcome_PP_DE","time_Welcome_PP_E","time_Welcome_PP_HUN","time_Welcome_PP_NOR","time_Welcome_PP_PL","time_Welcome_PP_SC","time_Welcome_PP_TC","time_Welcome_PP_THAI","title","total_correct","total_response_time","total_responses","uniform_coordinates","width"
"N","1069","NA","NA","H","V","PP_LIST4.csv","saltH.jpg","saltV.jpg","NA","NA","87.5","87.5","1017.375","1017.375","#ffffff","yes","legacy","legacy","legacy","0","uniform","1","1","0","1","undefined","6","j","0","0","0","0","0","0","0","NA","0","0","0","6","0","0","0","0","0","0","0","0","0","0","0","6","1","6","1","1","0","0","0","0","0","0","0","0","0","6","6","6","6","6","0","0","0","0","0","0","0","0","0","10/01/19 09:48:41","no","Matching Tasks","yes","","yes","H:/Research/PSA002003","no","chinese-japanese-korean","no","18","no","#0000ff","no","English","yes","768","no","legacy","0","0","2","5","H:/Research/PSA002003/GBR_006_PP_036.csv","legacy","no","Jazzy James","3.1.9","yes","5a7ce671e83246000deafe81","no","0","0","j","NA","NA","j","NA","space","NA","NA","NA","NA","NA","NA","j","NA","space","NA","NA","NA","NA","NA","NA","886","NA","NA","886","NA","4283","NA","NA","NA","NA","NA","NA","759","NA","15909","NA","NA","NA","NA","NA","NA","2","legacy","no","1024","2","48000","-16","EXP","36","even","no","no","NA","6530","1588","1591","4915","6524","6524","NA","NA","42255","42312","36191","22448","37965","42812","42311","6530","42255","42812","43699","NA","NA","22448","37951","26002","36189","26002","26002","22448","NA","37966","NA","NA","NA","NA","NA","NA","36691","36691","37451","28607","24991","44199","NA","6532","NA","NA","NA","NA","NA","NA","Orientation_PSA2018","7","8139","8","yes","1024"
"Y","1069","NA","NA","V","V","PP_LIST4.csv","guitarV.jpg","guitarV.jpg","NA","NA","88.8888888889","88.8888888889","966.888888889","966.888888889","#ffffff","yes","legacy","legacy","legacy","0","uniform","1","1","0","1","undefined","6","j","0","0","0","0","0","0","0","NA","1","0","1","6","0","0","1","1","0","0","1","1","1","1","0","6","1","6","1","1","0","0","0","0","0","0","0","0","0","6","6","6","6","6","1","0","0","0","0","0","0","0","0","10/01/19 09:48:41","no","Matching Tasks","yes","","yes","H:/Research/PSA002003","no","chinese-japanese-korean","no","18","no","#0000ff","no","English","yes","768","no","legacy","1","1","2","5","H:/Research/PSA002003/GBR_006_PP_036.csv","legacy","no","Jazzy James","3.1.9","yes","5a7ce671e83246000deafe81","no","0","0","j","NA","NA","j","NA","space","NA","NA","NA","NA","NA","NA","j","NA","space","NA","NA","NA","NA","NA","NA","563","NA","NA","563","NA","4283","NA","NA","NA","NA","NA","NA","759","NA","15909","NA","NA","NA","NA","NA","NA","2","legacy","no","1024","2","48000","-16","EXP","36","even","no","no","NA","6530","1588","1591","4915","6524","6524","NA","NA","42255","44259","36191","22448","37965","44759","44257","6530","42255","44759","45323","NA","NA","22448","37951","26002","36189","26002","26002","22448","NA","37966","NA","NA","NA","NA","NA","NA","36691","36691","37451","28607","24991","45823","NA","6532","NA","NA","NA","NA","NA","NA","Orientation_PSA2018","8","8702","9","yes","1024"
"F","1069","NA","NA","F","F","PP_LIST4.csv","tapedispenser.jpg","wrench.jpg","NA","NA","90","90","925","925","#ffffff","yes","legacy","legacy","legacy","0","uniform","1","1","0","1","undefined","6","f","0","0","0","0","0","0","0","NA","2","0","2","6","0","0","2","2","0","0","2","2","2","2","0","6","1","6","1","1","0","0","0","0","0","0","0","0","0","6","6","6","6","6","2","0","0","0","0","0","0","0","0","10/01/19 09:48:41","no","Matching Tasks","yes","","yes","H:/Research/PSA002003","no","chinese-japanese-korean","no","18","no","#0000ff","no","English","yes","768","no","legacy","2","2","2","5","H:/Research/PSA002003/GBR_006_PP_036.csv","legacy","no","Jazzy James","3.1.9","yes","5a7ce671e83246000deafe81","no","0","0","f","NA","NA","f","NA","space","NA","NA","NA","NA","NA","NA","j","NA","space","NA","NA","NA","NA","NA","NA","548","NA","NA","548","NA","4283","NA","NA","NA","NA","NA","NA","759","NA","15909","NA","NA","NA","NA","NA","NA","2","legacy","no","1024","2","48000","-16","EXP","36","even","no","no","NA","6530","1588","1591","4915","6524","6524","NA","NA","42255","45866","36191","22448","37965","46366","45865","6530","42255","46366","46915","NA","NA","22448","37951","26002","36189","26002","26002","22448","NA","37966","NA","NA","NA","NA","NA","NA","36691","36691","37451","28607","24991","47415","NA","6532","NA","NA","NA","NA","NA","NA","Orientation_PSA2018","9","9250","10","yes","1024"
"F","1069","NA","NA","F","F","PP_LIST4.csv","tiger.jpg","wndmil.jpg","NA","NA","90.9090909091","90.9090909091","894.272727273","894.272727273","#ffffff","yes","legacy","legacy","legacy","0","uniform","1","1","0","1","undefined","6","f","0","0","0","0","0","0","0","NA","3","0","3","6","0","0","3","3","0","0","3","3","3","3","0","6","1","6","1","1","0","0","0","0","0","0","0","0","0","6","6","6","6","6","3","0","0","0","0","0","0","0","0","10/01/19 09:48:41","no","Matching Tasks","yes","","yes","H:/Research/PSA002003","no","chinese-japanese-korean","no","18","no","#0000ff","no","English","yes","768","no","legacy","3","3","2","5","H:/Research/PSA002003/GBR_006_PP_036.csv","legacy","no","Jazzy James","3.1.9","yes","5a7ce671e83246000deafe81","no","0","0","f","NA","NA","f","NA","space","NA","NA","NA","NA","NA","NA","j","NA","space","NA","NA","NA","NA","NA","NA","587","NA","NA","587","NA","4283","NA","NA","NA","NA","NA","NA","759","NA","15909","NA","NA","NA","NA","NA","NA","2","legacy","no","1024","2","48000","-16","EXP","36","even","no","no","NA","6530","1588","1591","4915","6524","6524","NA","NA","42255","47459","36191","22448","37965","47959","47457","6530","42255","47959","48547","NA","NA","22448","37951","26002","36189","26002","26002","22448","NA","37966","NA","NA","NA","NA","NA","NA","36691","36691","37451","28607","24991","49047","NA","6532","NA","NA","NA","NA","NA","NA","Orientation_PSA2018","10","9837","11","yes","1024"
"F","1069","NA","NA","F","F","PP_LIST4.csv","house.jpg","ring.jpg","NA","NA","91.6666666667","91.6666666667","866.75","866.75","#ffffff","yes","legacy","legacy","legacy","0","uniform","1","1","0","1","undefined","6","f","0","0","0","0","0","0","0","NA","4","0","4","6","0","0","4","4","0","0","4","4","4","4","0","6","1","6","1","1","0","0","0","0","0","0","0","0","0","6","6","6","6","6","4","0","0","0","0","0","0","0","0","10/01/19 09:48:41","no","Matching Tasks","yes","","yes","H:/Research/PSA002003","no","chinese-japanese-korean","no","18","no","#0000ff","no","English","yes","768","no","legacy","4","4","2","5","H:/Research/PSA002003/GBR_006_PP_036.csv","legacy","no","Jazzy James","3.1.9","yes","5a7ce671e83246000deafe81","no","0","0","f","NA","NA","f","NA","space","NA","NA","NA","NA","NA","NA","j","NA","space","NA","NA","NA","NA","NA","NA","564","NA","NA","564","NA","4283","NA","NA","NA","NA","NA","NA","759","NA","15909","NA","NA","NA","NA","NA","NA","2","legacy","no","1024","2","48000","-16","EXP","36","even","no","no","NA","6530","1588","1591","4915","6524","6524","NA","NA","42255","49090","36191","22448","37965","49590","49088","6530","42255","49590","50155","NA","NA","22448","37951","26002","36189","26002","26002","22448","NA","37966","NA","NA","NA","NA","NA","NA","36691","36691","37451","28607","24991","50655","NA","6532","NA","NA","NA","NA","NA","NA","Orientation_PSA2018","11","10401","12","yes","1024"
"F","1069","NA","NA","F","F","PP_LIST4.csv","umberella.jpg","flower.jpg","NA","NA","92.3076923077","92.3076923077","845.923076923","845.923076923","#ffffff","yes","legacy","legacy","legacy","0","uniform","1","1","0","1","undefined","6","f","0","0","0","0","0","0","0","NA","5","0","5","6","0","0","5","5","0","0","5","5","5","5","0","6","1","6","1","1","0","0","0","0","0","0","0","0","0","6","6","6","6","6","5","0","0","0","0","0","0","0","0","10/01/19 09:48:41","no","Matching Tasks","yes","","yes","H:/Research/PSA002003","no","chinese-japanese-korean","no","18","no","#0000ff","no","English","yes","768","no","legacy","5","5","2","5","H:/Research/PSA002003/GBR_006_PP_036.csv","legacy","no","Jazzy James","3.1.9","yes","5a7ce671e83246000deafe81","no","0","0","f","NA","NA","f","NA","space","NA","NA","NA","NA","NA","NA","j","NA","space","NA","NA","NA","NA","NA","NA","596","NA","NA","596","NA","4283","NA","NA","NA","NA","NA","NA","759","NA","15909","NA","NA","NA","NA","NA","NA","2","legacy","no","1024","2","48000","-16","EXP","36","even","no","no","NA","6530","1588","1591","4915","6524","6524","NA","NA","42255","50698","36191","22448","37965","51198","50697","6530","42255","51198","51795","NA","NA","22448","37951","26002","36189","26002","26002","22448","NA","37966","NA","NA","NA","NA","NA","NA","36691","36691","37451","28607","24991","52295","NA","6532","NA","NA","NA","NA","NA","NA","Orientation_PSA2018","12","10997","13","yes","1024"
"F","1069","NA","NA","F","F","PP_LIST4.csv","spider.jpg","couch.jpg","NA","NA","92.8571428571","92.8571428571","824.642857143","824.642857143","#ffffff","yes","legacy","legacy","legacy","0","uniform","1","1","0","1","undefined","6","f","0","0","0","0","0","0","0","NA","6","0","6","6","0","0","6","6","0","0","6","6","6","6","0","6","1","6","1","1","0","0","0","0","0","0","0","0","0","6","6","6","6","6","6","0","0","0","0","0","0","0","0","10/01/19 09:48:41","no","Matching Tasks","yes","","yes","H:/Research/PSA002003","no","chinese-japanese-korean","no","18","no","#0000ff","no","English","yes","768","no","legacy","6","6","2","5","H:/Research/PSA002003/GBR_006_PP_036.csv","legacy","no","Jazzy James","3.1.9","yes","5a7ce671e83246000deafe81","no","0","0","f","NA","NA","f","NA","space","NA","NA","NA","NA","NA","NA","j","NA","space","NA","NA","NA","NA","NA","NA","548","NA","NA","548","NA","4283","NA","NA","NA","NA","NA","NA","759","NA","15909","NA","NA","NA","NA","NA","NA","2","legacy","no","1024","2","48000","-16","EXP","36","even","no","no","NA","6530","1588","1591","4915","6524","6524","NA","NA","42255","52338","36191","22448","37965","52838","52336","6530","42255","52838","53387","NA","NA","22448","37951","26002","36189","26002","26002","22448","NA","37966","NA","NA","NA","NA","NA","NA","36691","36691","37451","28607","24991","53887","NA","6532","NA","NA","NA","NA","NA","NA","Orientation_PSA2018","13","11545","14","yes","1024"
"F","1069","NA","NA","F","F","PP_LIST4.csv","piano.jpg","sutcse.jpg","NA","NA","93.3333333333","93.3333333333","805.066666667","805.066666667","#ffffff","yes","legacy","legacy","legacy","0","uniform","1","1","0","1","undefined","6","f","0","0","0","0","0","0","0","NA","7","0","7","6","0","0","7","7","0","0","7","7","7","7","0","6","1","6","1","1","0","0","0","0","0","0","0","0","0","6","6","6","6","6","7","0","0","0","0","0","0","0","0","10/01/19 09:48:41","no","Matching Tasks","yes","","yes","H:/Research/PSA002003","no","chinese-japanese-korean","no","18","no","#0000ff","no","English","yes","768","no","legacy","7","7","2","5","H:/Research/PSA002003/GBR_006_PP_036.csv","legacy","no","Jazzy James","3.1.9","yes","5a7ce671e83246000deafe81","no","0","0","f","NA","NA","f","NA","space","NA","NA","NA","NA","NA","NA","j","NA","space","NA","NA","NA","NA","NA","NA","531","NA","NA","531","NA","4283","NA","NA","NA","NA","NA","NA","759","NA","15909","NA","NA","NA","NA","NA","NA","2","legacy","no","1024","2","48000","-16","EXP","36","even","no","no","NA","6530","1588","1591","4915","6524","6524","NA","NA","42255","53930","36191","22448","37965","54430","53928","6530","42255","54430","54963","NA","NA","22448","37951","26002","36189","26002","26002","22448","NA","37966","NA","NA","NA","NA","NA","NA","36691","36691","37451","28607","24991","55463","NA","6532","NA","NA","NA","NA","NA","NA","Orientation_PSA2018","14","12076","15","yes","1024"
"Y","1069","NA","NA","H","H","PP_LIST4.csv","fire_extinguisherH.jpg","fire_extinguisherH.jpg","NA","NA","93.75","93.75","793.1875","793.1875","#ffffff","yes","legacy","legacy","legacy","0","uniform","1","1","0","1","undefined","6","j","0","0","0","0","0","0","0","NA","8","0","8","6","0","0","8","8","0","0","8","8","8","8","0","6","1","6","1","1","0","0","0","0","0","0","0","0","0","6","6","6","6","6","8","0","0","0","0","0","0","0","0","10/01/19 09:48:41","no","Matching Tasks","yes","","yes","H:/Research/PSA002003","no","chinese-japanese-korean","no","18","no","#0000ff","no","English","yes","768","no","legacy","8","8","2","5","H:/Research/PSA002003/GBR_006_PP_036.csv","legacy","no","Jazzy James","3.1.9","yes","5a7ce671e83246000deafe81","no","0","0","j","NA","NA","j","NA","space","NA","NA","NA","NA","NA","NA","j","NA","space","NA","NA","NA","NA","NA","NA","615","NA","NA","615","NA","4283","NA","NA","NA","NA","NA","NA","759","NA","15909","NA","NA","NA","NA","NA","NA","2","legacy","no","1024","2","48000","-16","EXP","36","even","no","no","NA","6530","1588","1591","4915","6524","6524","NA","NA","42255","55519","36191","22448","37965","56019","55517","6530","42255","56019","56635","NA","NA","22448","37951","26002","36189","26002","26002","22448","NA","37966","NA","NA","NA","NA","NA","NA","36691","36691","37451","28607","24991","57135","NA","6532","NA","NA","NA","NA","NA","NA","Orientation_PSA2018","15","12691","16","yes","1024"
"N","1069","NA","NA","H","V","PP_LIST4.csv","plateH.jpg","plateV.jpg","NA","NA","94.1176470588","94.1176470588","784.647058824","784.647058824","#ffffff","yes","legacy","legacy","legacy","0","uniform","1","1","0","1","undefined","6","j","0","0","0","0","0","0","0","NA","9","0","9","6","0","0","9","9","0","0","9","9","9","9","0","6","1","6","1","1","0","0","0","0","0","0","0","0","0","6","6","6","6","6","9","0","0","0","0","0","0","0","0","10/01/19 09:48:41","no","Matching Tasks","yes","","yes","H:/Research/PSA002003","no","chinese-japanese-korean","no","18","no","#0000ff","no","English","yes","768","no","legacy","9","9","2","5","H:/Research/PSA002003/GBR_006_PP_036.csv","legacy","no","Jazzy James","3.1.9","yes","5a7ce671e83246000deafe81","no","0","0","j","NA","NA","j","NA","space","NA","NA","NA","NA","NA","NA","j","NA","space","NA","NA","NA","NA","NA","NA","648","NA","NA","648","NA","4283","NA","NA","NA","NA","NA","NA","759","NA","15909","NA","NA","NA","NA","NA","NA","2","legacy","no","1024","2","48000","-16","EXP","36","even","no","no","NA","6530","1588","1591","4915","6524","6524","NA","NA","42255","57182","36191","22448","37965","57682","57181","6530","42255","57682","58331","NA","NA","22448","37951","26002","36189","26002","26002","22448","NA","37966","NA","NA","NA","NA","NA","NA","36691","36691","37451","28607","24991","58831","NA","6532","NA","NA","NA","NA","NA","NA","Orientation_PSA2018","16","13339","17","yes","1024"
"F","1069","NA","NA","F","F","PP_LIST4.csv","tlphon.jpg","knife.jpg","NA","NA","94.4444444444","94.4444444444","769.666666667","769.666666667","#ffffff","yes","legacy","legacy","legacy","0","uniform","1","1","0","1","undefined","6","f","0","0","0","0","0","0","0","NA","10","0","10","6","0","0","10","10","0","0","10","10","10","10","0","6","1","6","1","1","0","0","0","0","0","0","0","0","0","6","6","6","6","6","10","0","0","0","0","0","0","0","0","10/01/19 09:48:41","no","Matching Tasks","yes","","yes","H:/Research/PSA002003","no","chinese-japanese-korean","no","18","no","#0000ff","no","English","yes","768","no","legacy","10","10","2","5","H:/Research/PSA002003/GBR_006_PP_036.csv","legacy","no","Jazzy James","3.1.9","yes","5a7ce671e83246000deafe81","no","0","0","f","NA","NA","f","NA","space","NA","NA","NA","NA","NA","NA","j","NA","space","NA","NA","NA","NA","NA","NA","515","NA","NA","515","NA","4283","NA","NA","NA","NA","NA","NA","759","NA","15909","NA","NA","NA","NA","NA","NA","2","legacy","no","1024","2","48000","-16","EXP","36","even","no","no","NA","6530","1588","1591","4915","6524","6524","NA","NA","42255","58875","36191","22448","37965","59375","58873","6530","42255","59375","59891","NA","NA","22448","37951","26002","36189","26002","26002","22448","NA","37966","NA","NA","NA","NA","NA","NA","36691","36691","37451","28607","24991","60391","NA","6532","NA","NA","NA","NA","NA","NA","Orientation_PSA2018","17","13854","18","yes","1024"
"F","1069","NA","NA","F","F","PP_LIST4.csv","skirt.jpg","tlphon.jpg","NA","NA","94.7368421053","94.7368421053","756.947368421","756.947368421","#ffffff","yes","legacy","legacy","legacy","0","uniform","1","1","0","1","undefined","6","f","0","0","0","0","0","0","0","NA","11","0","11","6","0","0","11","11","0","0","11","11","11","11","0","6","1","6","1","1","0","0","0","0","0","0","0","0","0","6","6","6","6","6","11","0","0","0","0","0","0","0","0","10/01/19 09:48:41","no","Matching Tasks","yes","","yes","H:/Research/PSA002003","no","chinese-japanese-korean","no","18","no","#0000ff","no","English","yes","768","no","legacy","11","11","2","5","H:/Research/PSA002003/GBR_006_PP_036.csv","legacy","no","Jazzy James","3.1.9","yes","5a7ce671e83246000deafe81","no","0","0","f","NA","NA","f","NA","space","NA","NA","NA","NA","NA","NA","j","NA","space","NA","NA","NA","NA","NA","NA","528","NA","NA","528","NA","4283","NA","NA","NA","NA","NA","NA","759","NA","15909","NA","NA","NA","NA","NA","NA","2","legacy","no","1024","2","48000","-16","EXP","36","even","no","no","NA","6530","1588","1591","4915","6524","6524","NA","NA","42255","60454","36191","22448","37965","60954","60453","6530","42255","60954","61483","NA","NA","22448","37951","26002","36189","26002","26002","22448","NA","37966","NA","NA","NA","NA","NA","NA","36691","36691","37451","28607","24991","61983","NA","6532","NA","NA","NA","NA","NA","NA","Orientation_PSA2018","18","14382","19","yes","1024"
"N","1069","NA","NA","V","H","PP_LIST4.csv","broomV.jpg","broomH.jpg","NA","NA","95","95","746.25","746.25","#ffffff","yes","legacy","legacy","legacy","0","uniform","1","1","0","1","undefined","6","j","0","0","0","0","0","0","0","NA","12","0","12","6","0","0","12","12","0","0","12","12","12","12","0","6","1","6","1","1","0","0","0","0","0","0","0","0","0","6","6","6","6","6","12","0","0","0","0","0","0","0","0","10/01/19 09:48:41","no","Matching Tasks","yes","","yes","H:/Research/PSA002003","no","chinese-japanese-korean","no","18","no","#0000ff","no","English","yes","768","no","legacy","12","12","2","5","H:/Research/PSA002003/GBR_006_PP_036.csv","legacy","no","Jazzy James","3.1.9","yes","5a7ce671e83246000deafe81","no","0","0","j","NA","NA","j","NA","space","NA","NA","NA","NA","NA","NA","j","NA","space","NA","NA","NA","NA","NA","NA","543","NA","NA","543","NA","4283","NA","NA","NA","NA","NA","NA","759","NA","15909","NA","NA","NA","NA","NA","NA","2","legacy","no","1024","2","48000","-16","EXP","36","even","no","no","NA","6530","1588","1591","4915","6524","6524","NA","NA","42255","62037","36191","22448","37965","62538","62036","6530","42255","62538","63083","NA","NA","22448","37951","26002","36189","26002","26002","22448","NA","37966","NA","NA","NA","NA","NA","NA","36691","36691","37451","28607","24991","63583","NA","6532","NA","NA","NA","NA","NA","NA","Orientation_PSA2018","19","14925","20","yes","1024"
"Y","1069","NA","NA","H","H","PP_LIST4.csv","clothespinH.jpg","clothespinH.jpg","NA","NA","95.2380952381","95.2380952381","734.666666667","734.666666667","#ffffff","yes","legacy","legacy","legacy","0","uniform","1","1","0","1","undefined","6","j","0","0","0","0","0","0","0","NA","13","0","13","6","0","0","13","13","0","0","13","13","13","13","0","6","1","6","1","1","0","0","0","0","0","0","0","0","0","6","6","6","6","6","13","0","0","0","0","0","0","0","0","10/01/19 09:48:41","no","Matching Tasks","yes","","yes","H:/Research/PSA002003","no","chinese-japanese-korean","no","18","no","#0000ff","no","English","yes","768","no","legacy","13","13","2","5","H:/Research/PSA002003/GBR_006_PP_036.csv","legacy","no","Jazzy James","3.1.9","yes","5a7ce671e83246000deafe81","no","0","0","j","NA","NA","j","NA","space","NA","NA","NA","NA","NA","NA","j","NA","space","NA","NA","NA","NA","NA","NA","503","NA","NA","503","NA","4283","NA","NA","NA","NA","NA","NA","759","NA","15909","NA","NA","NA","NA","NA","NA","2","legacy","no","1024","2","48000","-16","EXP","36","even","no","no","NA","6530","1588","1591","4915","6524","6524","NA","NA","42255","63631","36191","22448","37965","64131","63629","6530","42255","64131","64635","NA","NA","22448","37951","26002","36189","26002","26002","22448","NA","37966","NA","NA","NA","NA","NA","NA","36691","36691","37451","28607","24991","65135","NA","6532","NA","NA","NA","NA","NA","NA","Orientation_PSA2018","20","15428","21","yes","1024"
"Y","1069","NA","NA","H","H","PP_LIST4.csv","flashH.jpg","flashH.jpg","NA","NA","95.4545454545","95.4545454545","728.5","728.5","#ffffff","yes","legacy","legacy","legacy","0","uniform","1","1","0","1","undefined","6","j","0","0","0","0","0","0","0","NA","14","0","14","6","0","0","14","14","0","0","14","14","14","14","0","6","1","6","1","1","0","0","0","0","0","0","0","0","0","6","6","6","6","6","14","0","0","0","0","0","0","0","0","10/01/19 09:48:41","no","Matching Tasks","yes","","yes","H:/Research/PSA002003","no","chinese-japanese-korean","no","18","no","#0000ff","no","English","yes","768","no","legacy","14","14","2","5","H:/Research/PSA002003/GBR_006_PP_036.csv","legacy","no","Jazzy James","3.1.9","yes","5a7ce671e83246000deafe81","no","0","0","j","NA","NA","j","NA","space","NA","NA","NA","NA","NA","NA","j","NA","space","NA","NA","NA","NA","NA","NA","599","NA","NA","599","NA","4283","NA","NA","NA","NA","NA","NA","759","NA","15909","NA","NA","NA","NA","NA","NA","2","legacy","no","1024","2","48000","-16","EXP","36","even","no","no","NA","6530","1588","1591","4915","6524","6524","NA","NA","42255","65183","36191","22448","37965","65683","65181","6530","42255","65683","66283","NA","NA","22448","37951","26002","36189","26002","26002","22448","NA","37966","NA","NA","NA","NA","NA","NA","36691","36691","37451","28607","24991","66783","NA","6532","NA","NA","NA","NA","NA","NA","Orientation_PSA2018","21","16027","22","yes","1024"
"N","1069","NA","NA","V","H","PP_LIST4.csv","batV.jpg","batH.jpg","NA","NA","95.652173913","95.652173913","714.304347826","714.304347826","#ffffff","yes","legacy","legacy","legacy","0","uniform","1","1","0","1","undefined","6","j","0","0","0","0","0","0","0","NA","15","0","15","6","0","0","15","15","0","0","15","15","15","15","0","6","1","6","1","1","0","0","0","0","0","0","0","0","0","6","6","6","6","6","15","0","0","0","0","0","0","0","0","10/01/19 09:48:41","no","Matching Tasks","yes","","yes","H:/Research/PSA002003","no","chinese-japanese-korean","no","18","no","#0000ff","no","English","yes","768","no","legacy","15","15","2","5","H:/Research/PSA002003/GBR_006_PP_036.csv","legacy","no","Jazzy James","3.1.9","yes","5a7ce671e83246000deafe81","no","0","0","j","NA","NA","j","NA","space","NA","NA","NA","NA","NA","NA","j","NA","space","NA","NA","NA","NA","NA","NA","402","NA","NA","402","NA","4283","NA","NA","NA","NA","NA","NA","759","NA","15909","NA","NA","NA","NA","NA","NA","2","legacy","no","1024","2","48000","-16","EXP","36","even","no","no","NA","6530","1588","1591","4915","6524","6524","NA","NA","42255","66844","36191","22448","37965","67344","66843","6530","42255","67344","67747","NA","NA","22448","37951","26002","36189","26002","26002","22448","NA","37966","NA","NA","NA","NA","NA","NA","36691","36691","37451","28607","24991","68247","NA","6532","NA","NA","NA","NA","NA","NA","Orientation_PSA2018","22","16429","23","yes","1024"
"Y","1069","NA","NA","H","H","PP_LIST4.csv","caterpillarH.jpg","caterpillarH.jpg","NA","NA","95.8333333333","95.8333333333","705.208333333","705.208333333","#ffffff","yes","legacy","legacy","legacy","0","uniform","1","1","0","1","undefined","6","j","0","0","0","0","0","0","0","NA","16","0","16","6","0","0","16","16","0","0","16","16","16","16","0","6","1","6","1","1","0","0","0","0","0","0","0","0","0","6","6","6","6","6","16","0","0","0","0","0","0","0","0","10/01/19 09:48:41","no","Matching Tasks","yes","","yes","H:/Research/PSA002003","no","chinese-japanese-korean","no","18","no","#0000ff","no","English","yes","768","no","legacy","16","16","2","5","H:/Research/PSA002003/GBR_006_PP_036.csv","legacy","no","Jazzy James","3.1.9","yes","5a7ce671e83246000deafe81","no","0","0","j","NA","NA","j","NA","space","NA","NA","NA","NA","NA","NA","j","NA","space","NA","NA","NA","NA","NA","NA","496","NA","NA","496","NA","4283","NA","NA","NA","NA","NA","NA","759","NA","15909","NA","NA","NA","NA","NA","NA","2","legacy","no","1024","2","48000","-16","EXP","36","even","no","no","NA","6530","1588","1591","4915","6524","6524","NA","NA","42255","68294","36191","22448","37965","68794","68292","6530","42255","68794","69291","NA","NA","22448","37951","26002","36189","26002","26002","22448","NA","37966","NA","NA","NA","NA","NA","NA","36691","36691","37451","28607","24991","69791","NA","6532","NA","NA","NA","NA","NA","NA","Orientation_PSA2018","23","16925","24","yes","1024"
"N","1069","NA","NA","V","H","PP_LIST4.csv","axeV.jpg","axeH.jpg","NA","NA","96","96","696.96","696.96","#ffffff","yes","legacy","legacy","legacy","0","uniform","1","1","0","1","undefined","6","j","0","0","0","0","0","0","0","NA","17","0","17","6","0","0","17","17","0","0","17","17","17","17","0","6","1","6","1","1","0","0","0","0","0","0","0","0","0","6","6","6","6","6","17","0","0","0","0","0","0","0","0","10/01/19 09:48:41","no","Matching Tasks","yes","","yes","H:/Research/PSA002003","no","chinese-japanese-korean","no","18","no","#0000ff","no","English","yes","768","no","legacy","17","17","2","5","H:/Research/PSA002003/GBR_006_PP_036.csv","legacy","no","Jazzy James","3.1.9","yes","5a7ce671e83246000deafe81","no","0","0","j","NA","NA","j","NA","space","NA","NA","NA","NA","NA","NA","j","NA","space","NA","NA","NA","NA","NA","NA","499","NA","NA","499","NA","4283","NA","NA","NA","NA","NA","NA","759","NA","15909","NA","NA","NA","NA","NA","NA","2","legacy","no","1024","2","48000","-16","EXP","36","even","no","no","NA","6530","1588","1591","4915","6524","6524","NA","NA","42255","69835","36191","22448","37965","70335","69834","6530","42255","70335","70835","NA","NA","22448","37951","26002","36189","26002","26002","22448","NA","37966","NA","NA","NA","NA","NA","NA","36691","36691","37451","28607","24991","71335","NA","6532","NA","NA","NA","NA","NA","NA","Orientation_PSA2018","24","17424","25","yes","1024"
"N","1069","NA","NA","V","H","PP_LIST4.csv","bowlV.jpg","bowlH.jpg","NA","NA","96.1538461538","96.1538461538","690.115384615","690.115384615","#ffffff","yes","legacy","legacy","legacy","0","uniform","1","1","0","1","undefined","6","j","0","0","0","0","0","0","0","NA","18","0","18","6","0","0","18","18","0","0","18","18","18","18","0","6","1","6","1","1","0","0","0","0","0","0","0","0","0","6","6","6","6","6","18","0","0","0","0","0","0","0","0","10/01/19 09:48:41","no","Matching Tasks","yes","","yes","H:/Research/PSA002003","no","chinese-japanese-korean","no","18","no","#0000ff","no","English","yes","768","no","legacy","18","18","2","5","H:/Research/PSA002003/GBR_006_PP_036.csv","legacy","no","Jazzy James","3.1.9","yes","5a7ce671e83246000deafe81","no","0","0","j","NA","NA","j","NA","space","NA","NA","NA","NA","NA","NA","j","NA","space","NA","NA","NA","NA","NA","NA","519","NA","NA","519","NA","4283","NA","NA","NA","NA","NA","NA","759","NA","15909","NA","NA","NA","NA","NA","NA","2","legacy","no","1024","2","48000","-16","EXP","36","even","no","no","NA","6530","1588","1591","4915","6524","6524","NA","NA","42255","71382","36191","22448","37965","71882","71381","6530","42255","71882","72403","NA","NA","22448","37951","26002","36189","26002","26002","22448","NA","37966","NA","NA","NA","NA","NA","NA","36691","36691","37451","28607","24991","72903","NA","6532","NA","NA","NA","NA","NA","NA","Orientation_PSA2018","25","17943","26","yes","1024"
"N","1069","NA","NA","V","H","PP_LIST4.csv","bottleV.jpg","bottleH.jpg","NA","NA","96.2962962963","96.2962962963","681.259259259","681.259259259","#ffffff","yes","legacy","legacy","legacy","0","uniform","1","1","0","1","undefined","6","j","0","0","0","0","0","0","0","NA","19","0","19","6","0","0","19","19","0","0","19","19","19","19","0","6","1","6","1","1","0","0","0","0","0","0","0","0","0","6","6","6","6","6","19","0","0","0","0","0","0","0","0","10/01/19 09:48:41","no","Matching Tasks","yes","","yes","H:/Research/PSA002003","no","chinese-japanese-korean","no","18","no","#0000ff","no","English","yes","768","no","legacy","19","19","2","5","H:/Research/PSA002003/GBR_006_PP_036.csv","legacy","no","Jazzy James","3.1.9","yes","5a7ce671e83246000deafe81","no","0","0","j","NA","NA","j","NA","space","NA","NA","NA","NA","NA","NA","j","NA","space","NA","NA","NA","NA","NA","NA","451","NA","NA","451","NA","4283","NA","NA","NA","NA","NA","NA","759","NA","15909","NA","NA","NA","NA","NA","NA","2","legacy","no","1024","2","48000","-16","EXP","36","even","no","no","NA","6530","1588","1591","4915","6524","6524","NA","NA","42255","72947","36191","22448","37965","73447","72946","6530","42255","73447","73899","NA","NA","22448","37951","26002","36189","26002","26002","22448","NA","37966","NA","NA","NA","NA","NA","NA","36691","36691","37451","28607","24991","74399","NA","6532","NA","NA","NA","NA","NA","NA","Orientation_PSA2018","26","18394","27","yes","1024"
"N","1069","NA","NA","V","H","PP_LIST4.csv","bookV.jpg","bookH.jpg","NA","NA","96.4285714286","96.4285714286","672.428571429","672.428571429","#ffffff","yes","legacy","legacy","legacy","0","uniform","1","1","0","1","undefined","6","j","0","0","0","0","0","0","0","NA","20","0","20","6","0","0","20","20","0","0","20","20","20","20","0","6","1","6","1","1","0","0","0","0","0","0","0","0","0","6","6","6","6","6","20","0","0","0","0","0","0","0","0","10/01/19 09:48:41","no","Matching Tasks","yes","","yes","H:/Research/PSA002003","no","chinese-japanese-korean","no","18","no","#0000ff","no","English","yes","768","no","legacy","20","20","2","5","H:/Research/PSA002003/GBR_006_PP_036.csv","legacy","no","Jazzy James","3.1.9","yes","5a7ce671e83246000deafe81","no","0","0","j","NA","NA","j","NA","space","NA","NA","NA","NA","NA","NA","j","NA","space","NA","NA","NA","NA","NA","NA","434","NA","NA","434","NA","4283","NA","NA","NA","NA","NA","NA","759","NA","15909","NA","NA","NA","NA","NA","NA","2","legacy","no","1024","2","48000","-16","EXP","36","even","no","no","NA","6530","1588","1591","4915","6524","6524","NA","NA","42255","74443","36191","22448","37965","74943","74442","6530","42255","74943","75379","NA","NA","22448","37951","26002","36189","26002","26002","22448","NA","37966","NA","NA","NA","NA","NA","NA","36691","36691","37451","28607","24991","75879","NA","6532","NA","NA","NA","NA","NA","NA","Orientation_PSA2018","27","18828","28","yes","1024"
"F","1069","NA","NA","F","F","PP_LIST4.csv","sutcse.jpg","pumpkin.jpg","NA","NA","96.5517241379","96.5517241379","672.206896552","672.206896552","#ffffff","yes","legacy","legacy","legacy","0","uniform","1","1","0","1","undefined","6","f","0","0","0","0","0","0","0","NA","21","0","21","6","0","0","21","21","0","0","21","21","21","21","0","6","1","6","1","1","0","0","0","0","0","0","0","0","0","6","6","6","6","6","21","0","0","0","0","0","0","0","0","10/01/19 09:48:41","no","Matching Tasks","yes","","yes","H:/Research/PSA002003","no","chinese-japanese-korean","no","18","no","#0000ff","no","English","yes","768","no","legacy","21","21","2","5","H:/Research/PSA002003/GBR_006_PP_036.csv","legacy","no","Jazzy James","3.1.9","yes","5a7ce671e83246000deafe81","no","0","0","f","NA","NA","f","NA","space","NA","NA","NA","NA","NA","NA","j","NA","space","NA","NA","NA","NA","NA","NA","666","NA","NA","666","NA","4283","NA","NA","NA","NA","NA","NA","759","NA","15909","NA","NA","NA","NA","NA","NA","2","legacy","no","1024","2","48000","-16","EXP","36","even","no","no","NA","6530","1588","1591","4915","6524","6524","NA","NA","42255","75924","36191","22448","37965","76424","75922","6530","42255","76424","77091","NA","NA","22448","37951","26002","36189","26002","26002","22448","NA","37966","NA","NA","NA","NA","NA","NA","36691","36691","37451","28607","24991","77591","NA","6532","NA","NA","NA","NA","NA","NA","Orientation_PSA2018","28","19494","29","yes","1024"
"Y","1069","NA","NA","V","V","PP_LIST4.csv","keyV.jpg","keyV.jpg","NA","NA","96.6666666667","96.6666666667","664.566666667","664.566666667","#ffffff","yes","legacy","legacy","legacy","0","uniform","1","1","0","1","undefined","6","j","0","0","0","0","0","0","0","NA","22","0","22","6","0","0","22","22","0","0","22","22","22","22","0","6","1","6","1","1","0","0","0","0","0","0","0","0","0","6","6","6","6","6","22","0","0","0","0","0","0","0","0","10/01/19 09:48:41","no","Matching Tasks","yes","","yes","H:/Research/PSA002003","no","chinese-japanese-korean","no","18","no","#0000ff","no","English","yes","768","no","legacy","22","22","2","5","H:/Research/PSA002003/GBR_006_PP_036.csv","legacy","no","Jazzy James","3.1.9","yes","5a7ce671e83246000deafe81","no","0","0","j","NA","NA","j","NA","space","NA","NA","NA","NA","NA","NA","j","NA","space","NA","NA","NA","NA","NA","NA","443","NA","NA","443","NA","4283","NA","NA","NA","NA","NA","NA","759","NA","15909","NA","NA","NA","NA","NA","NA","2","legacy","no","1024","2","48000","-16","EXP","36","even","no","no","NA","6530","1588","1591","4915","6524","6524","NA","NA","42255","77634","36191","22448","37965","78134","77633","6530","42255","78134","78579","NA","NA","22448","37951","26002","36189","26002","26002","22448","NA","37966","NA","NA","NA","NA","NA","NA","36691","36691","37451","28607","24991","79079","NA","6532","NA","NA","NA","NA","NA","NA","Orientation_PSA2018","29","19937","30","yes","1024"
"N","1069","NA","NA","H","V","PP_LIST4.csv","penH.jpg","penV.jpg","NA","NA","96.7741935484","96.7741935484","657.903225806","657.903225806","#ffffff","yes","legacy","legacy","legacy","0","uniform","1","1","0","1","undefined","6","j","0","0","0","0","0","0","0","NA","23","0","23","6","0","0","23","23","0","0","23","23","23","23","0","6","1","6","1","1","0","0","0","0","0","0","0","0","0","6","6","6","6","6","23","0","0","0","0","0","0","0","0","10/01/19 09:48:41","no","Matching Tasks","yes","","yes","H:/Research/PSA002003","no","chinese-japanese-korean","no","18","no","#0000ff","no","English","yes","768","no","legacy","23","23","2","5","H:/Research/PSA002003/GBR_006_PP_036.csv","legacy","no","Jazzy James","3.1.9","yes","5a7ce671e83246000deafe81","no","0","0","j","NA","NA","j","NA","space","NA","NA","NA","NA","NA","NA","j","NA","space","NA","NA","NA","NA","NA","NA","458","NA","NA","458","NA","4283","NA","NA","NA","NA","NA","NA","759","NA","15909","NA","NA","NA","NA","NA","NA","2","legacy","no","1024","2","48000","-16","EXP","36","even","no","no","NA","6530","1588","1591","4915","6524","6524","NA","NA","42255","79123","36191","22448","37965","79623","79121","6530","42255","79623","80083","NA","NA","22448","37951","26002","36189","26002","26002","22448","NA","37966","NA","NA","NA","NA","NA","NA","36691","36691","37451","28607","24991","80583","NA","6532","NA","NA","NA","NA","NA","NA","Orientation_PSA2018","30","20395","31","yes","1024"
"F","1069","NA","NA","F","F","PP_LIST4.csv","ladder.jpg","house.jpg","NA","NA","100","100","710","710","#ffffff","yes","legacy","legacy","legacy","0","uniform","1","1","0","1","undefined","6","f","0","0","0","0","0","0","0","0","24","0","24","6","0","0","24","24","0","0","24","24","24","24","0","6","1","6","1","1","0","0","0","0","0","0","0","0","0","6","6","6","6","6","24","0","0","0","0","0","0","0","0","10/01/19 09:48:41","no","Matching Tasks","yes","","yes","H:/Research/PSA002003","no","chinese-japanese-korean","no","18","no","#0000ff","no","English","yes","768","no","legacy","24","24","2","5","H:/Research/PSA002003/GBR_006_PP_036.csv","legacy","no","Jazzy James","3.1.9","yes","5a7ce671e83246000deafe81","no","0","0","f","space","NA","f","NA","space","NA","NA","NA","NA","NA","NA","j","NA","space","NA","NA","NA","NA","NA","NA","710","1995","NA","710","NA","4283","NA","NA","NA","NA","NA","NA","759","NA","15909","NA","NA","NA","NA","NA","NA","2","legacy","no","1024","2","48000","-16","EXP","36","even","no","no","NA","6530","1588","1591","4915","6524","6524","80599","NA","42255","82632","36191","22448","37965","83132","82631","6530","42255","83132","83843","NA","NA","22448","37951","26002","36189","26002","26002","22448","NA","37966","NA","NA","NA","NA","NA","NA","36691","36691","37451","28607","24991","84343","NA","6532","NA","NA","NA","NA","NA","NA","Orientation_PSA2018","1","710","1","yes","1024"
"F","1069","NA","NA","F","F","PP_LIST4.csv","pumpkin.jpg","trmpet.jpg","NA","NA","100","100","628","628","#ffffff","yes","legacy","legacy","legacy","0","uniform","1","1","0","1","undefined","6","f","0","0","0","0","0","0","0","0","25","0","25","6","0","0","25","25","0","0","25","25","25","25","0","6","1","6","1","1","0","0","0","0","0","0","0","0","0","6","6","6","6","6","25","0","0","0","0","0","0","0","0","10/01/19 09:48:41","no","Matching Tasks","yes","","yes","H:/Research/PSA002003","no","chinese-japanese-korean","no","18","no","#0000ff","no","English","yes","768","no","legacy","25","25","2","5","H:/Research/PSA002003/GBR_006_PP_036.csv","legacy","no","Jazzy James","3.1.9","yes","5a7ce671e83246000deafe81","no","0","0","f","space","NA","f","NA","space","NA","NA","NA","NA","NA","NA","j","NA","space","NA","NA","NA","NA","NA","NA","546","1995","NA","546","NA","4283","NA","NA","NA","NA","NA","NA","759","NA","15909","NA","NA","NA","NA","NA","NA","2","legacy","no","1024","2","48000","-16","EXP","36","even","no","no","NA","6530","1588","1591","4915","6524","6524","80599","NA","42255","84387","36191","22448","37965","84887","84385","6530","42255","84887","85435","NA","NA","22448","37951","26002","36189","26002","26002","22448","NA","37966","NA","NA","NA","NA","NA","NA","36691","36691","37451","28607","24991","85935","NA","6532","NA","NA","NA","NA","NA","NA","Orientation_PSA2018","2","1256","2","yes","1024"
"F","1069","NA","NA","F","F","PP_LIST4.csv","mitten.jpg","needle.jpg","NA","NA","100","100","603.333333333","603.333333333","#ffffff","yes","legacy","legacy","legacy","0","uniform","1","1","0","1","undefined","6","f","0","0","0","0","0","0","0","0","26","0","26","6","0","0","26","26","0","0","26","26","26","26","0","6","1","6","1","1","0","0","0","0","0","0","0","0","0","6","6","6","6","6","26","0","0","0","0","0","0","0","0","10/01/19 09:48:41","no","Matching Tasks","yes","","yes","H:/Research/PSA002003","no","chinese-japanese-korean","no","18","no","#0000ff","no","English","yes","768","no","legacy","26","26","2","5","H:/Research/PSA002003/GBR_006_PP_036.csv","legacy","no","Jazzy James","3.1.9","yes","5a7ce671e83246000deafe81","no","0","0","f","space","NA","f","NA","space","NA","NA","NA","NA","NA","NA","j","NA","space","NA","NA","NA","NA","NA","NA","554","1995","NA","554","NA","4283","NA","NA","NA","NA","NA","NA","759","NA","15909","NA","NA","NA","NA","NA","NA","2","legacy","no","1024","2","48000","-16","EXP","36","even","no","no","NA","6530","1588","1591","4915","6524","6524","80599","NA","42255","85980","36191","22448","37965","86480","85979","6530","42255","86480","87035","NA","NA","22448","37951","26002","36189","26002","26002","22448","NA","37966","NA","NA","NA","NA","NA","NA","36691","36691","37451","28607","24991","87535","NA","6532","NA","NA","NA","NA","NA","NA","Orientation_PSA2018","3","1810","3","yes","1024"
"N","1069","NA","NA","H","V","PP_LIST4.csv","screwH.jpg","screwV.jpg","NA","NA","100","100","590.75","590.75","#ffffff","yes","legacy","legacy","legacy","0","uniform","1","1","0","1","undefined","6","j","0","0","0","0","0","0","0","0","27","0","27","6","0","0","27","27","0","0","27","27","27","27","0","6","1","6","1","1","0","0","0","0","0","0","0","0","0","6","6","6","6","6","27","0","0","0","0","0","0","0","0","10/01/19 09:48:41","no","Matching Tasks","yes","","yes","H:/Research/PSA002003","no","chinese-japanese-korean","no","18","no","#0000ff","no","English","yes","768","no","legacy","27","27","2","5","H:/Research/PSA002003/GBR_006_PP_036.csv","legacy","no","Jazzy James","3.1.9","yes","5a7ce671e83246000deafe81","no","0","0","j","space","NA","j","NA","space","NA","NA","NA","NA","NA","NA","j","NA","space","NA","NA","NA","NA","NA","NA","553","1995","NA","553","NA","4283","NA","NA","NA","NA","NA","NA","759","NA","15909","NA","NA","NA","NA","NA","NA","2","legacy","no","1024","2","48000","-16","EXP","36","even","no","no","NA","6530","1588","1591","4915","6524","6524","80599","NA","42255","87579","36191","22448","37965","88080","87577","6530","42255","88080","88635","NA","NA","22448","37951","26002","36189","26002","26002","22448","NA","37966","NA","NA","NA","NA","NA","NA","36691","36691","37451","28607","24991","89135","NA","6532","NA","NA","NA","NA","NA","NA","Orientation_PSA2018","4","2363","4","yes","1024"
"Y","1069","NA","NA","H","H","PP_LIST4.csv","crayonH.jpg","crayonH.jpg","NA","NA","100","100","562.4","562.4","#ffffff","yes","legacy","legacy","legacy","0","uniform","1","1","0","1","undefined","6","j","0","0","0","0","0","0","0","0","28","0","28","6","0","0","28","28","0","0","28","28","28","28","0","6","1","6","1","1","0","0","0","0","0","0","0","0","0","6","6","6","6","6","28","0","0","0","0","0","0","0","0","10/01/19 09:48:41","no","Matching Tasks","yes","","yes","H:/Research/PSA002003","no","chinese-japanese-korean","no","18","no","#0000ff","no","English","yes","768","no","legacy","28","28","2","5","H:/Research/PSA002003/GBR_006_PP_036.csv","legacy","no","Jazzy James","3.1.9","yes","5a7ce671e83246000deafe81","no","0","0","j","space","NA","j","NA","space","NA","NA","NA","NA","NA","NA","j","NA","space","NA","NA","NA","NA","NA","NA","449","1995","NA","449","NA","4283","NA","NA","NA","NA","NA","NA","759","NA","15909","NA","NA","NA","NA","NA","NA","2","legacy","no","1024","2","48000","-16","EXP","36","even","no","no","NA","6530","1588","1591","4915","6524","6524","80599","NA","42255","89181","36191","22448","37965","89681","89179","6530","42255","89681","90131","NA","NA","22448","37951","26002","36189","26002","26002","22448","NA","37966","NA","NA","NA","NA","NA","NA","36691","36691","37451","28607","24991","90631","NA","6532","NA","NA","NA","NA","NA","NA","Orientation_PSA2018","5","2812","5","yes","1024"
"Y","1069","NA","NA","V","V","PP_LIST4.csv","glassV.jpg","glassV.jpg","NA","NA","100","100","571.333333333","571.333333333","#ffffff","yes","legacy","legacy","legacy","0","uniform","1","1","0","1","undefined","6","j","0","0","0","0","0","0","0","0","29","0","29","6","0","0","29","29","0","0","29","29","29","29","0","6","1","6","1","1","0","0","0","0","0","0","0","0","0","6","6","6","6","6","29","0","0","0","0","0","0","0","0","10/01/19 09:48:41","no","Matching Tasks","yes","","yes","H:/Research/PSA002003","no","chinese-japanese-korean","no","18","no","#0000ff","no","English","yes","768","no","legacy","29","29","2","5","H:/Research/PSA002003/GBR_006_PP_036.csv","legacy","no","Jazzy James","3.1.9","yes","5a7ce671e83246000deafe81","no","0","0","j","space","NA","j","NA","space","NA","NA","NA","NA","NA","NA","j","NA","space","NA","NA","NA","NA","NA","NA","616","1995","NA","616","NA","4283","NA","NA","NA","NA","NA","NA","759","NA","15909","NA","NA","NA","NA","NA","NA","2","legacy","no","1024","2","48000","-16","EXP","36","even","no","no","NA","6530","1588","1591","4915","6524","6524","80599","NA","42255","90677","36191","22448","37965","91177","90676","6530","42255","91177","91795","NA","NA","22448","37951","26002","36189","26002","26002","22448","NA","37966","NA","NA","NA","NA","NA","NA","36691","36691","37451","28607","24991","92295","NA","6532","NA","NA","NA","NA","NA","NA","Orientation_PSA2018","6","3428","6","yes","1024"
"F","1069","NA","NA","F","F","PP_LIST4.csv","ring.jpg","stove.jpg","NA","NA","100","100","559","559","#ffffff","yes","legacy","legacy","legacy","0","uniform","1","1","0","1","undefined","6","f","0","0","0","0","0","0","0","0","30","0","30","6","0","0","30","30","0","0","30","30","30","30","0","6","1","6","1","1","0","0","0","0","0","0","0","0","0","6","6","6","6","6","30","0","0","0","0","0","0","0","0","10/01/19 09:48:41","no","Matching Tasks","yes","","yes","H:/Research/PSA002003","no","chinese-japanese-korean","no","18","no","#0000ff","no","English","yes","768","no","legacy","30","30","2","5","H:/Research/PSA002003/GBR_006_PP_036.csv","legacy","no","Jazzy James","3.1.9","yes","5a7ce671e83246000deafe81","no","0","0","f","space","NA","f","NA","space","NA","NA","NA","NA","NA","NA","j","NA","space","NA","NA","NA","NA","NA","NA","485","1995","NA","485","NA","4283","NA","NA","NA","NA","NA","NA","759","NA","15909","NA","NA","NA","NA","NA","NA","2","legacy","no","1024","2","48000","-16","EXP","36","even","no","no","NA","6530","1588","1591","4915","6524","6524","80599","NA","42255","92344","36191","22448","37965","92845","92342","6530","42255","92845","93331","NA","NA","22448","37951","26002","36189","26002","26002","22448","NA","37966","NA","NA","NA","NA","NA","NA","36691","36691","37451","28607","24991","93831","NA","6532","NA","NA","NA","NA","NA","NA","Orientation_PSA2018","7","3913","7","yes","1024"
"F","1069","NA","NA","F","F","PP_LIST4.csv","watch.jpg","skirt.jpg","NA","NA","100","100","550.875","550.875","#ffffff","yes","legacy","legacy","legacy","0","uniform","1","1","0","1","undefined","6","f","0","0","0","0","0","0","0","0","31","0","31","6","0","0","31","31","0","0","31","31","31","31","0","6","1","6","1","1","0","0","0","0","0","0","0","0","0","6","6","6","6","6","31","0","0","0","0","0","0","0","0","10/01/19 09:48:41","no","Matching Tasks","yes","","yes","H:/Research/PSA002003","no","chinese-japanese-korean","no","18","no","#0000ff","no","English","yes","768","no","legacy","31","31","2","5","H:/Research/PSA002003/GBR_006_PP_036.csv","legacy","no","Jazzy James","3.1.9","yes","5a7ce671e83246000deafe81","no","0","0","f","space","NA","f","NA","space","NA","NA","NA","NA","NA","NA","j","NA","space","NA","NA","NA","NA","NA","NA","494","1995","NA","494","NA","4283","NA","NA","NA","NA","NA","NA","759","NA","15909","NA","NA","NA","NA","NA","NA","2","legacy","no","1024","2","48000","-16","EXP","36","even","no","no","NA","6530","1588","1591","4915","6524","6524","80599","NA","42255","93887","36191","22448","37965","94387","93886","6530","42255","94387","94883","NA","NA","22448","37951","26002","36189","26002","26002","22448","NA","37966","NA","NA","NA","NA","NA","NA","36691","36691","37451","28607","24991","95383","NA","6532","NA","NA","NA","NA","NA","NA","Orientation_PSA2018","8","4407","8","yes","1024"
"N","1069","NA","NA","H","V","PP_LIST4.csv","tireH.jpg","tireV.jpg","NA","NA","100","100","537.555555556","537.555555556","#ffffff","yes","legacy","legacy","legacy","0","uniform","1","1","0","1","undefined","6","j","0","0","0","0","0","0","0","0","32","0","32","6","0","0","32","32","0","0","32","32","32","32","0","6","1","6","1","1","0","0","0","0","0","0","0","0","0","6","6","6","6","6","32","0","0","0","0","0","0","0","0","10/01/19 09:48:41","no","Matching Tasks","yes","","yes","H:/Research/PSA002003","no","chinese-japanese-korean","no","18","no","#0000ff","no","English","yes","768","no","legacy","32","32","2","5","H:/Research/PSA002003/GBR_006_PP_036.csv","legacy","no","Jazzy James","3.1.9","yes","5a7ce671e83246000deafe81","no","0","0","j","space","NA","j","NA","space","NA","NA","NA","NA","NA","NA","j","NA","space","NA","NA","NA","NA","NA","NA","431","1995","NA","431","NA","4283","NA","NA","NA","NA","NA","NA","759","NA","15909","NA","NA","NA","NA","NA","NA","2","legacy","no","1024","2","48000","-16","EXP","36","even","no","no","NA","6530","1588","1591","4915","6524","6524","80599","NA","42255","95431","36191","22448","37965","95931","95429","6530","42255","95931","96363","NA","NA","22448","37951","26002","36189","26002","26002","22448","NA","37966","NA","NA","NA","NA","NA","NA","36691","36691","37451","28607","24991","96863","NA","6532","NA","NA","NA","NA","NA","NA","Orientation_PSA2018","9","4838","9","yes","1024"
"Y","1069","NA","NA","V","V","PP_LIST4.csv","pencilV.jpg","pencilV.jpg","NA","NA","100","100","528","528","#ffffff","yes","legacy","legacy","legacy","0","uniform","1","1","0","1","undefined","6","j","0","0","0","0","0","0","0","0","33","0","33","6","0","0","33","33","0","0","33","33","33","33","0","6","1","6","1","1","0","0","0","0","0","0","0","0","0","6","6","6","6","6","33","0","0","0","0","0","0","0","0","10/01/19 09:48:41","no","Matching Tasks","yes","","yes","H:/Research/PSA002003","no","chinese-japanese-korean","no","18","no","#0000ff","no","English","yes","768","no","legacy","33","33","2","5","H:/Research/PSA002003/GBR_006_PP_036.csv","legacy","no","Jazzy James","3.1.9","yes","5a7ce671e83246000deafe81","no","0","0","j","space","NA","j","NA","space","NA","NA","NA","NA","NA","NA","j","NA","space","NA","NA","NA","NA","NA","NA","442","1995","NA","442","NA","4283","NA","NA","NA","NA","NA","NA","759","NA","15909","NA","NA","NA","NA","NA","NA","2","legacy","no","1024","2","48000","-16","EXP","36","even","no","no","NA","6530","1588","1591","4915","6524","6524","80599","NA","42255","96908","36191","22448","37965","97408","96906","6530","42255","97408","97851","NA","NA","22448","37951","26002","36189","26002","26002","22448","NA","37966","NA","NA","NA","NA","NA","NA","36691","36691","37451","28607","24991","98351","NA","6532","NA","NA","NA","NA","NA","NA","Orientation_PSA2018","10","5280","10","yes","1024"
"F","1069","NA","NA","F","F","PP_LIST4.csv","wndmil.jpg","mitten.jpg","NA","NA","100","100","528.363636364","528.363636364","#ffffff","yes","legacy","legacy","legacy","0","uniform","1","1","0","1","undefined","6","f","0","0","0","0","0","0","0","0","34","0","34","6","0","0","34","34","0","0","34","34","34","34","0","6","1","6","1","1","0","0","0","0","0","0","0","0","0","6","6","6","6","6","34","0","0","0","0","0","0","0","0","10/01/19 09:48:41","no","Matching Tasks","yes","","yes","H:/Research/PSA002003","no","chinese-japanese-korean","no","18","no","#0000ff","no","English","yes","768","no","legacy","34","34","2","5","H:/Research/PSA002003/GBR_006_PP_036.csv","legacy","no","Jazzy James","3.1.9","yes","5a7ce671e83246000deafe81","no","0","0","f","space","NA","f","NA","space","NA","NA","NA","NA","NA","NA","j","NA","space","NA","NA","NA","NA","NA","NA","532","1995","NA","532","NA","4283","NA","NA","NA","NA","NA","NA","759","NA","15909","NA","NA","NA","NA","NA","NA","2","legacy","no","1024","2","48000","-16","EXP","36","even","no","no","NA","6530","1588","1591","4915","6524","6524","80599","NA","42255","98394","36191","22448","37965","98894","98393","6530","42255","98894","99427","NA","NA","22448","37951","26002","36189","26002","26002","22448","NA","37966","NA","NA","NA","NA","NA","NA","36691","36691","37451","28607","24991","99927","NA","6532","NA","NA","NA","NA","NA","NA","Orientation_PSA2018","11","5812","11","yes","1024"
"F","1069","NA","NA","F","F","PP_LIST4.csv","trmpet.jpg","tapedispenser.jpg","NA","NA","100","100","545.166666667","545.166666667","#ffffff","yes","legacy","legacy","legacy","0","uniform","1","1","0","1","undefined","6","f","0","0","0","0","0","0","0","0","35","0","35","6","0","0","35","35","0","0","35","35","35","35","0","6","1","6","1","1","0","0","0","0","0","0","0","0","0","6","6","6","6","6","35","0","0","0","0","0","0","0","0","10/01/19 09:48:41","no","Matching Tasks","yes","","yes","H:/Research/PSA002003","no","chinese-japanese-korean","no","18","no","#0000ff","no","English","yes","768","no","legacy","35","35","2","5","H:/Research/PSA002003/GBR_006_PP_036.csv","legacy","no","Jazzy James","3.1.9","yes","5a7ce671e83246000deafe81","no","0","0","f","space","NA","f","NA","space","NA","NA","NA","NA","NA","NA","j","NA","space","NA","NA","NA","NA","NA","NA","730","1995","NA","730","NA","4283","NA","NA","NA","NA","NA","NA","759","NA","15909","NA","NA","NA","NA","NA","NA","2","legacy","no","1024","2","48000","-16","EXP","36","even","no","no","NA","6530","1588","1591","4915","6524","6524","80599","NA","42255","99970","36191","22448","37965","100470","99969","6530","42255","100471","101203","NA","NA","22448","37951","26002","36189","26002","26002","22448","NA","37966","NA","NA","NA","NA","NA","NA","36691","36691","37451","28607","24991","101703","NA","6532","NA","NA","NA","NA","NA","NA","Orientation_PSA2018","12","6542","12","yes","1024"
"F","1069","NA","NA","F","F","PP_LIST4.csv","ftball.jpg","nut.jpg","NA","NA","100","100","549.769230769","549.769230769","#ffffff","yes","legacy","legacy","legacy","0","uniform","1","1","0","1","undefined","6","f","0","0","0","0","0","0","0","0","36","0","36","6","0","0","36","36","0","0","36","36","36","36","0","6","1","6","1","1","0","0","0","0","0","0","0","0","0","6","6","6","6","6","36","0","0","0","0","0","0","0","0","10/01/19 09:48:41","no","Matching Tasks","yes","","yes","H:/Research/PSA002003","no","chinese-japanese-korean","no","18","no","#0000ff","no","English","yes","768","no","legacy","36","36","2","5","H:/Research/PSA002003/GBR_006_PP_036.csv","legacy","no","Jazzy James","3.1.9","yes","5a7ce671e83246000deafe81","no","0","0","f","space","NA","f","NA","space","NA","NA","NA","NA","NA","NA","j","NA","space","NA","NA","NA","NA","NA","NA","605","1995","NA","605","NA","4283","NA","NA","NA","NA","NA","NA","759","NA","15909","NA","NA","NA","NA","NA","NA","2","legacy","no","1024","2","48000","-16","EXP","36","even","no","no","NA","6530","1588","1591","4915","6524","6524","80599","NA","42255","101745","36191","22448","37965","102245","101744","6530","42255","102245","102851","NA","NA","22448","37951","26002","36189","26002","26002","22448","NA","37966","NA","NA","NA","NA","NA","NA","36691","36691","37451","28607","24991","103351","NA","6532","NA","NA","NA","NA","NA","NA","Orientation_PSA2018","13","7147","13","yes","1024"
"Y","1069","NA","NA","V","V","PP_LIST4.csv","nailV.jpg","nailV.jpg","NA","NA","100","100","540.428571429","540.428571429","#ffffff","yes","legacy","legacy","legacy","0","uniform","1","1","0","1","undefined","6","j","0","0","0","0","0","0","0","0","37","0","37","6","0","0","37","37","0","0","37","37","37","37","0","6","1","6","1","1","0","0","0","0","0","0","0","0","0","6","6","6","6","6","37","0","0","0","0","0","0","0","0","10/01/19 09:48:41","no","Matching Tasks","yes","","yes","H:/Research/PSA002003","no","chinese-japanese-korean","no","18","no","#0000ff","no","English","yes","768","no","legacy","37","37","2","5","H:/Research/PSA002003/GBR_006_PP_036.csv","legacy","no","Jazzy James","3.1.9","yes","5a7ce671e83246000deafe81","no","0","0","j","space","NA","j","NA","space","NA","NA","NA","NA","NA","NA","j","NA","space","NA","NA","NA","NA","NA","NA","419","1995","NA","419","NA","4283","NA","NA","NA","NA","NA","NA","759","NA","15909","NA","NA","NA","NA","NA","NA","2","legacy","no","1024","2","48000","-16","EXP","36","even","no","no","NA","6530","1588","1591","4915","6524","6524","80599","NA","42255","103395","36191","22448","37965","103895","103393","6530","42255","103895","104315","NA","NA","22448","37951","26002","36189","26002","26002","22448","NA","37966","NA","NA","NA","NA","NA","NA","36691","36691","37451","28607","24991","104815","NA","6532","NA","NA","NA","NA","NA","NA","Orientation_PSA2018","14","7566","14","yes","1024"
"N","1069","NA","NA","H","V","PP_LIST4.csv","scssorH.jpg","scssorV.jpg","NA","NA","100","100","540.866666667","540.866666667","#ffffff","yes","legacy","legacy","legacy","0","uniform","1","1","0","1","undefined","6","j","0","0","0","0","0","0","0","0","38","0","38","6","0","0","38","38","0","0","38","38","38","38","0","6","1","6","1","1","0","0","0","0","0","0","0","0","0","6","6","6","6","6","38","0","0","0","0","0","0","0","0","10/01/19 09:48:41","no","Matching Tasks","yes","","yes","H:/Research/PSA002003","no","chinese-japanese-korean","no","18","no","#0000ff","no","English","yes","768","no","legacy","38","38","2","5","H:/Research/PSA002003/GBR_006_PP_036.csv","legacy","no","Jazzy James","3.1.9","yes","5a7ce671e83246000deafe81","no","0","0","j","space","NA","j","NA","space","NA","NA","NA","NA","NA","NA","j","NA","space","NA","NA","NA","NA","NA","NA","547","1995","NA","547","NA","4283","NA","NA","NA","NA","NA","NA","759","NA","15909","NA","NA","NA","NA","NA","NA","2","legacy","no","1024","2","48000","-16","EXP","36","even","no","no","NA","6530","1588","1591","4915","6524","6524","80599","NA","42255","104859","36191","22448","37965","105359","104857","6530","42255","105359","105907","NA","NA","22448","37951","26002","36189","26002","26002","22448","NA","37966","NA","NA","NA","NA","NA","NA","36691","36691","37451","28607","24991","106407","NA","6532","NA","NA","NA","NA","NA","NA","Orientation_PSA2018","15","8113","15","yes","1024"
"F","1069","NA","NA","F","F","PP_LIST4.csv","couch.jpg","spider.jpg","NA","NA","100","100","537.6875","537.6875","#ffffff","yes","legacy","legacy","legacy","0","uniform","1","1","0","1","undefined","6","f","0","0","0","0","0","0","0","0","39","0","39","6","0","0","39","39","0","0","39","39","39","39","0","6","1","6","1","1","0","0","0","0","0","0","0","0","0","6","6","6","6","6","39","0","0","0","0","0","0","0","0","10/01/19 09:48:41","no","Matching Tasks","yes","","yes","H:/Research/PSA002003","no","chinese-japanese-korean","no","18","no","#0000ff","no","English","yes","768","no","legacy","39","39","2","5","H:/Research/PSA002003/GBR_006_PP_036.csv","legacy","no","Jazzy James","3.1.9","yes","5a7ce671e83246000deafe81","no","0","0","f","space","NA","f","NA","space","NA","NA","NA","NA","NA","NA","j","NA","space","NA","NA","NA","NA","NA","NA","490","1995","NA","490","NA","4283","NA","NA","NA","NA","NA","NA","759","NA","15909","NA","NA","NA","NA","NA","NA","2","legacy","no","1024","2","48000","-16","EXP","36","even","no","no","NA","6530","1588","1591","4915","6524","6524","80599","NA","42255","106451","36191","22448","37965","106951","106450","6530","42255","106951","107443","NA","NA","22448","37951","26002","36189","26002","26002","22448","NA","37966","NA","NA","NA","NA","NA","NA","36691","36691","37451","28607","24991","107943","NA","6532","NA","NA","NA","NA","NA","NA","Orientation_PSA2018","16","8603","16","yes","1024"
"F","1069","NA","NA","F","F","PP_LIST4.csv","needle.jpg","tiger.jpg","NA","NA","100","100","532.117647059","532.117647059","#ffffff","yes","legacy","legacy","legacy","0","uniform","1","1","0","1","undefined","6","f","0","0","0","0","0","0","0","0","40","0","40","6","0","0","40","40","0","0","40","40","40","40","0","6","1","6","1","1","0","0","0","0","0","0","0","0","0","6","6","6","6","6","40","0","0","0","0","0","0","0","0","10/01/19 09:48:41","no","Matching Tasks","yes","","yes","H:/Research/PSA002003","no","chinese-japanese-korean","no","18","no","#0000ff","no","English","yes","768","no","legacy","40","40","2","5","H:/Research/PSA002003/GBR_006_PP_036.csv","legacy","no","Jazzy James","3.1.9","yes","5a7ce671e83246000deafe81","no","0","0","f","space","NA","f","NA","space","NA","NA","NA","NA","NA","NA","j","NA","space","NA","NA","NA","NA","NA","NA","443","1995","NA","443","NA","4283","NA","NA","NA","NA","NA","NA","759","NA","15909","NA","NA","NA","NA","NA","NA","2","legacy","no","1024","2","48000","-16","EXP","36","even","no","no","NA","6530","1588","1591","4915","6524","6524","80599","NA","42255","107986","36191","22448","37965","108486","107984","6530","42255","108486","108931","NA","NA","22448","37951","26002","36189","26002","26002","22448","NA","37966","NA","NA","NA","NA","NA","NA","36691","36691","37451","28607","24991","109431","NA","6532","NA","NA","NA","NA","NA","NA","Orientation_PSA2018","17","9046","17","yes","1024"
"F","1069","NA","NA","F","F","PP_LIST4.csv","nut.jpg","watch.jpg","NA","NA","100","100","530.666666667","530.666666667","#ffffff","yes","legacy","legacy","legacy","0","uniform","1","1","0","1","undefined","6","f","0","0","0","0","0","0","0","0","41","0","41","6","0","0","41","41","0","0","41","41","41","41","0","6","1","6","1","1","0","0","0","0","0","0","0","0","0","6","6","6","6","6","41","0","0","0","0","0","0","0","0","10/01/19 09:48:41","no","Matching Tasks","yes","","yes","H:/Research/PSA002003","no","chinese-japanese-korean","no","18","no","#0000ff","no","English","yes","768","no","legacy","41","41","2","5","H:/Research/PSA002003/GBR_006_PP_036.csv","legacy","no","Jazzy James","3.1.9","yes","5a7ce671e83246000deafe81","no","0","0","f","space","NA","f","NA","space","NA","NA","NA","NA","NA","NA","j","NA","space","NA","NA","NA","NA","NA","NA","506","1995","NA","506","NA","4283","NA","NA","NA","NA","NA","NA","759","NA","15909","NA","NA","NA","NA","NA","NA","2","legacy","no","1024","2","48000","-16","EXP","36","even","no","no","NA","6530","1588","1591","4915","6524","6524","80599","NA","42255","109476","36191","22448","37965","109976","109474","6530","42255","109976","110483","NA","NA","22448","37951","26002","36189","26002","26002","22448","NA","37966","NA","NA","NA","NA","NA","NA","36691","36691","37451","28607","24991","110983","NA","6532","NA","NA","NA","NA","NA","NA","Orientation_PSA2018","18","9552","18","yes","1024"
"F","1069","NA","NA","F","F","PP_LIST4.csv","stove.jpg","ftball.jpg","NA","NA","100","100","528.210526316","528.210526316","#ffffff","yes","legacy","legacy","legacy","0","uniform","1","1","0","1","undefined","6","f","0","0","0","0","0","0","0","0","42","0","42","6","0","0","42","42","0","0","42","42","42","42","0","6","1","6","1","1","0","0","0","0","0","0","0","0","0","6","6","6","6","6","42","0","0","0","0","0","0","0","0","10/01/19 09:48:41","no","Matching Tasks","yes","","yes","H:/Research/PSA002003","no","chinese-japanese-korean","no","18","no","#0000ff","no","English","yes","768","no","legacy","42","42","2","5","H:/Research/PSA002003/GBR_006_PP_036.csv","legacy","no","Jazzy James","3.1.9","yes","5a7ce671e83246000deafe81","no","0","0","f","space","NA","f","NA","space","NA","NA","NA","NA","NA","NA","j","NA","space","NA","NA","NA","NA","NA","NA","484","1995","NA","484","NA","4283","NA","NA","NA","NA","NA","NA","759","NA","15909","NA","NA","NA","NA","NA","NA","2","legacy","no","1024","2","48000","-16","EXP","36","even","no","no","NA","6530","1588","1591","4915","6524","6524","80599","NA","42255","111026","36191","22448","37965","111526","111024","6530","42255","111526","112011","NA","NA","22448","37951","26002","36189","26002","26002","22448","NA","37966","NA","NA","NA","NA","NA","NA","36691","36691","37451","28607","24991","112511","NA","6532","NA","NA","NA","NA","NA","NA","Orientation_PSA2018","19","10036","19","yes","1024"
"F","1069","NA","NA","F","F","PP_LIST4.csv","wrench.jpg","piano.jpg","NA","NA","100","100","527.5","527.5","#ffffff","yes","legacy","legacy","legacy","0","uniform","1","1","0","1","undefined","6","f","0","0","0","0","0","0","0","0","43","0","43","6","0","0","43","43","0","0","43","43","43","43","0","6","1","6","1","1","0","0","0","0","0","0","0","0","0","6","6","6","6","6","43","0","0","0","0","0","0","0","0","10/01/19 09:48:41","no","Matching Tasks","yes","","yes","H:/Research/PSA002003","no","chinese-japanese-korean","no","18","no","#0000ff","no","English","yes","768","no","legacy","43","43","2","5","H:/Research/PSA002003/GBR_006_PP_036.csv","legacy","no","Jazzy James","3.1.9","yes","5a7ce671e83246000deafe81","no","0","0","f","space","NA","f","NA","space","NA","NA","NA","NA","NA","NA","j","NA","space","NA","NA","NA","NA","NA","NA","514","1995","NA","514","NA","4283","NA","NA","NA","NA","NA","NA","759","NA","15909","NA","NA","NA","NA","NA","NA","2","legacy","no","1024","2","48000","-16","EXP","36","even","no","no","NA","6530","1588","1591","4915","6524","6524","80599","NA","42255","112563","36191","22448","37965","113063","112562","6530","42255","113063","113579","NA","NA","22448","37951","26002","36189","26002","26002","22448","NA","37966","NA","NA","NA","NA","NA","NA","36691","36691","37451","28607","24991","114079","NA","6532","NA","NA","NA","NA","NA","NA","Orientation_PSA2018","20","10550","20","yes","1024"
"Y","1069","NA","NA","H","H","PP_LIST4.csv","brushH.jpg","brushH.jpg","NA","NA","100","100","529.047619048","529.047619048","#ffffff","yes","legacy","legacy","legacy","0","uniform","1","1","0","1","undefined","6","j","0","0","0","0","0","0","0","0","44","0","44","6","0","0","44","44","0","0","44","44","44","44","0","6","1","6","1","1","0","0","0","0","0","0","0","0","0","6","6","6","6","6","44","0","0","0","0","0","0","0","0","10/01/19 09:48:41","no","Matching Tasks","yes","","yes","H:/Research/PSA002003","no","chinese-japanese-korean","no","18","no","#0000ff","no","English","yes","768","no","legacy","44","44","2","5","H:/Research/PSA002003/GBR_006_PP_036.csv","legacy","no","Jazzy James","3.1.9","yes","5a7ce671e83246000deafe81","no","0","0","j","space","NA","j","NA","space","NA","NA","NA","NA","NA","NA","j","NA","space","NA","NA","NA","NA","NA","NA","560","1995","NA","560","NA","4283","NA","NA","NA","NA","NA","NA","759","NA","15909","NA","NA","NA","NA","NA","NA","2","legacy","no","1024","2","48000","-16","EXP","36","even","no","no","NA","6530","1588","1591","4915","6524","6524","80599","NA","42255","114126","36191","22448","37965","114626","114124","6530","42255","114626","115187","NA","NA","22448","37951","26002","36189","26002","26002","22448","NA","37966","NA","NA","NA","NA","NA","NA","36691","36691","37451","28607","24991","115687","NA","6532","NA","NA","NA","NA","NA","NA","Orientation_PSA2018","21","11110","21","yes","1024"
"Y","1069","NA","NA","V","V","PP_LIST4.csv","ironV.jpg","ironV.jpg","NA","NA","100","100","530.954545455","530.954545455","#ffffff","yes","legacy","legacy","legacy","0","uniform","1","1","0","1","undefined","6","j","0","0","0","0","0","0","0","0","45","0","45","6","0","0","45","45","0","0","45","45","45","45","0","6","1","6","1","1","0","0","0","0","0","0","0","0","0","6","6","6","6","6","45","0","0","0","0","0","0","0","0","10/01/19 09:48:41","no","Matching Tasks","yes","","yes","H:/Research/PSA002003","no","chinese-japanese-korean","no","18","no","#0000ff","no","English","yes","768","no","legacy","45","45","2","5","H:/Research/PSA002003/GBR_006_PP_036.csv","legacy","no","Jazzy James","3.1.9","yes","5a7ce671e83246000deafe81","no","0","0","j","space","NA","j","NA","space","NA","NA","NA","NA","NA","NA","j","NA","space","NA","NA","NA","NA","NA","NA","571","1995","NA","571","NA","4283","NA","NA","NA","NA","NA","NA","759","NA","15909","NA","NA","NA","NA","NA","NA","2","legacy","no","1024","2","48000","-16","EXP","36","even","no","no","NA","6530","1588","1591","4915","6524","6524","80599","NA","42255","115731","36191","22448","37965","116231","115729","6530","42255","116231","116803","NA","NA","22448","37951","26002","36189","26002","26002","22448","NA","37966","NA","NA","NA","NA","NA","NA","36691","36691","37451","28607","24991","117303","NA","6532","NA","NA","NA","NA","NA","NA","Orientation_PSA2018","22","11681","22","yes","1024"
"F","1069","NA","NA","F","F","PP_LIST4.csv","knife.jpg","ladder.jpg","NA","NA","100","100","531.304347826","531.304347826","#ffffff","yes","legacy","legacy","legacy","0","uniform","1","1","0","1","undefined","6","f","0","0","0","0","0","0","0","0","46","0","46","6","0","0","46","46","0","0","46","46","46","46","0","6","1","6","1","1","0","0","0","0","0","0","0","0","0","6","6","6","6","6","46","0","0","0","0","0","0","0","0","10/01/19 09:48:41","no","Matching Tasks","yes","","yes","H:/Research/PSA002003","no","chinese-japanese-korean","no","18","no","#0000ff","no","English","yes","768","no","legacy","46","46","2","5","H:/Research/PSA002003/GBR_006_PP_036.csv","legacy","no","Jazzy James","3.1.9","yes","5a7ce671e83246000deafe81","no","0","0","f","space","NA","f","NA","space","NA","NA","NA","NA","NA","NA","j","NA","space","NA","NA","NA","NA","NA","NA","539","1995","NA","539","NA","4283","NA","NA","NA","NA","NA","NA","759","NA","15909","NA","NA","NA","NA","NA","NA","2","legacy","no","1024","2","48000","-16","EXP","36","even","no","no","NA","6530","1588","1591","4915","6524","6524","80599","NA","42255","117346","36191","22448","37965","117846","117345","6530","42255","117846","118387","NA","NA","22448","37951","26002","36189","26002","26002","22448","NA","37966","NA","NA","NA","NA","NA","NA","36691","36691","37451","28607","24991","118887","NA","6532","NA","NA","NA","NA","NA","NA","Orientation_PSA2018","23","12220","23","yes","1024"
"F","1069","NA","NA","F","F","PP_LIST4.csv","buggy.jpg","glass.jpg","NA","NA","100","100","532.583333333","532.583333333","#ffffff","yes","legacy","legacy","legacy","0","uniform","1","1","0","1","undefined","6","f","0","0","0","0","0","0","0","0","47","0","47","6","0","0","47","47","0","0","47","47","47","47","0","6","1","6","1","1","0","0","0","0","0","0","0","0","0","6","6","6","6","6","47","0","0","0","0","0","0","0","0","10/01/19 09:48:41","no","Matching Tasks","yes","","yes","H:/Research/PSA002003","no","chinese-japanese-korean","no","18","no","#0000ff","no","English","yes","768","no","legacy","47","47","2","5","H:/Research/PSA002003/GBR_006_PP_036.csv","legacy","no","Jazzy James","3.1.9","yes","5a7ce671e83246000deafe81","no","0","0","f","space","NA","f","NA","space","NA","NA","NA","NA","NA","NA","j","NA","space","NA","NA","NA","NA","NA","NA","562","1995","NA","562","NA","4283","NA","NA","NA","NA","NA","NA","759","NA","15909","NA","NA","NA","NA","NA","NA","2","legacy","no","1024","2","48000","-16","EXP","36","even","no","no","NA","6530","1588","1591","4915","6524","6524","80599","NA","42255","118930","36191","22448","37965","119430","118928","6530","42255","119431","119995","NA","NA","22448","37951","26002","36189","26002","26002","22448","NA","37966","NA","NA","NA","NA","NA","NA","36691","36691","37451","28607","24991","120495","NA","6532","NA","NA","NA","NA","NA","NA","Orientation_PSA2018","24","12782","24","yes","1024"
